"V1","V2","V3","V4","V5","V6","V7","V8","V9","V10","V11","V12","V13","V14","V15","V16","V17","V18","V19","V20","V21","V22","V23","V24","V25","V26","V27","V28","V29","V30","V31","V32","V33","V34","V35","V36","V37","V38","V39","V40","V41","V42","V43","V44","V45","V46","V47","V48","V49","V50","V51","V52","V53","V54","V55","V56","V57","V58","V59","V60","V61","V62","V63","V64","V65","V66","V67","V68","V69","V70","V71","V72","V73","V74","V75","V76","V77","V78","V79","V80","V81","V82","V83","V84","V85","V86","V87","V88","V89","V90","V91","V92","V93","V94","V95","V96"
-0.0134295199366776,0.0637380283546057,0.104839134424779,0.202493140012553,0.255371607190868,-0.152658947148709,-0.115694450078843,0.0394823613205204,-0.0638689409091931,-0.296749377599187,-0.0767113984263781,-0.221903521790569,-0.113807983812956,0.0701430874590622,-0.0126047035679439,-0.210505790054925,0.0606876121800361,-0.124490950654195,-0.0399426360097228,0.0646682476056745,-0.0578425923049154,-0.191994971649917,-0.0213743496811904,0.081553625471616,0.349843262581378,0.113701446276116,-0.109401154113388,-0.0176895263461197,-0.0501285663935031,-0.0639540849588356,0.0551220391331908,0.255208853728779,0.285869073809314,0.027973218257807,-0.122743241885012,0.05077003242428,-0.0188941010215531,0.0347425221438154,0.143817917694647,0.0858297881305978,0.382518272147359,0.243715972033655,0.178048231560392,0.0826454262761037,0.133295479343433,-0.0608173276324241,0.138305508278086,0.324459906012391,0.0421474384515342,0.101343648315128,0.317608496906019,0.132619233131926,0.108381737374033,0.191797990032169,0.161606129861715,-0.0544613763570825,0.116212349453825,-0.0385183447295158,0.230936789994892,0.24121059300464,0.291942643621582,0.240021232166703,0.117028770336362,0.326218911881015,0.15810088038841,-0.241367181961553,0.171972677466581,0.321155574585285,0.30421667220819,0.084646196459669,0.459147398283735,0.44198504031172,0.470934791947469,0.201294241174084,0.128074862717645,0.248492840513113,0.105715970459769,-0.0484075245870726,0.340523665379976,0.110749718899441,0.299642917650988,0.431622714787188,0.445223987412631,0.181914490403679,0.189320450188518,0.209787622843717,0.413246081132192,0.445695792749427,0.426659123071316,0.593333342734025,0.580461711183899,0.608339358036126,0.515337348928151,0.343947183131608,0.391650441890772,0.283846820793265
0.00964727611877941,-0.144507622678122,-0.175953319395231,-0.418708520612023,-0.574431460276009,0.0403343778145768,0.257236382488244,-0.131724177016213,0.26017811500297,0.482822009678837,0.656111755625634,0.454996957714926,0.250774761122832,-0.100207450273033,-0.0482574047209996,0.0824988934796613,0.0837079844107591,0.220379604944926,0.0020184072801461,-0.00566093691065811,-0.0999811392000346,0.247463597130396,0.0283001746044525,-0.491693656595525,-0.56022252861694,-0.269490396962353,-0.315863960048681,0.0805097941195096,0.148091834915,0.461277020260724,0.177177950563235,-0.395438320853326,-0.444362789152215,-0.514663782789649,-0.292467235460624,0.0324881056482568,-0.103884030834312,-0.251394580486247,-0.0375355458135221,-0.278718634892985,-0.679855369786739,-0.787518692114898,-0.320971758167313,0.140362519275744,-0.199052268139815,-0.0975040658012785,-0.137020417075728,-0.314024256610345,-0.193528217225177,-0.435735786058845,-0.842898803046014,-0.56506484709753,-0.0419923105376211,-0.310907831488061,-0.335019093414606,-0.0836949007748291,0.0333492491750606,-0.259968518549569,-0.506512779327446,-0.705425752371695,-0.581731438061063,-0.288002956954121,-0.605834814115076,-0.458534564856628,-0.325802034755607,0.110532269070076,-0.460451110903387,-1.01076440970998,-0.831352863462049,-0.374469779516106,-0.9185777257801,-1.17606685508222,-1.27344555138568,-0.554616418962784,-0.6513940810529,-0.363342333006251,-0.315472755165475,-0.510936880248697,-0.349711322957595,-0.67068452943465,-0.948176920986556,-1.1053815157406,-0.94615049451761,-1.05681765360856,-0.92893795689,-0.703851891069683,-0.857306070401112,-0.760577867411431,-1.27884327453112,-1.43815905632241,-1.29568556845355,-1.32498080612887,-1.33589369955965,-1.40582855386609,-1.27659839258624,-0.766824596170728
0.0509223630049199,0.0920297219839482,0.339861314574769,0.820388130710789,0.594609267066855,-0.0921974880399746,-0.347351076375664,0.287564060932824,-0.251551035879271,-1.05181129547998,-1.14652888617599,-0.49568496876171,-0.185068560530784,0.220801219833547,0.0216080561788578,-0.232823407050494,-0.386628902786622,-0.214076398534703,-0.110949527924505,-0.150477384044333,-0.253098230339716,-0.563720308960303,-0.162626899674516,0.666664849932197,0.941551024264375,0.709169302393599,0.533783763407767,0.0319872804432571,-0.310832912272251,-0.757706637457739,-0.227189900683011,0.57589588575997,0.742915181554376,0.436415057596989,0.106482013261941,0.0117746268294035,0.307949595771786,0.377890026738865,-0.0269568341882334,0.289586908744393,1.19656370597899,1.05744404209778,0.177137680259465,0.0365147391988745,0.485437148754905,0.373216397699803,0.395076171876468,0.404944383161943,0.256434414539106,0.579777800842935,1.09970638685276,0.943205252198154,0.211554499661304,0.0426822221825417,0.324175408284728,-0.140422697287221,-0.0265199459146961,0.232644172275613,0.792062461304976,1.02392110462105,0.669275210583963,1.01087117818639,0.863114827405968,0.868333271812486,0.665968268131527,-0.0094841018865305,0.841109142906973,1.38349629749743,1.14429643125997,0.561391726608781,1.2455934118329,1.8629458431854,1.79832504312628,1.10884294994021,0.803528669200762,0.538092123342567,0.340653664780624,0.796074313192211,0.789930621163317,1.01867408156131,1.41708374979871,1.71982059271533,1.68839592508636,1.68427942140691,1.13660395837306,1.31220685998176,1.60459032592102,1.6780081439714,1.88555679240872,2.34511281615877,2.06746887626701,2.40360102397156,2.13584586226554,2.34070037696172,1.97230697819893,1.58856800230222
0.0517669483535496,0.239957642642468,0.327532953373846,0.512944002312258,0.579315200925822,-0.129034730598674,-0.128880384643411,0.158630329014528,-0.18216059903936,-0.721271460309724,-0.546212553451649,-0.25748458641094,-0.0109753420592758,-0.156241443739097,0.075850158954817,-0.222372003027906,-0.442581543708433,-0.245060682586799,-0.0678208895118072,-0.052027563266886,-0.0857785794154699,-0.303235781410519,-0.0981161282252324,0.420601358795506,0.412389044912937,0.535588836333628,0.0314449120109819,-0.344121146388475,-0.307468423100431,-0.442218753898452,-0.251933084978974,0.322696742409144,0.557345886357576,0.252742982894023,0.247405094408326,-0.0211984459717433,0.268583675018197,0.134349005070099,-0.0250870807615468,0.156779901289294,0.648638908168735,0.923969345732254,0.267490524610148,0.0903519098555069,0.365344185798494,0.182382586449702,0.247681248538249,0.191134269468481,0.262247982663202,0.535324871959818,0.774832666833293,0.555777105089947,-0.0978750642520348,0.0586387869977463,0.296939770734015,0.00494692384733803,0.174363512385226,0.137333490663681,0.557533322036936,0.785039089783952,0.550988762851136,0.729217197004501,0.580529023610003,0.704972105948578,0.582292078119721,-0.0598198479637619,0.627889695573899,0.935355833666452,1.00345057425927,0.414813157836612,0.920428211729101,1.31527644686383,0.995852748866873,0.762718049759345,0.545238620090355,0.386134480498298,0.298635974687058,0.465690289947352,0.610008532177829,0.765920552469841,0.948382442759429,1.3029600584119,1.05721080314014,1.01992992327403,0.753865777705612,0.748710144519775,1.04432643617377,0.976028761721217,1.40313429442259,1.4667442459229,1.22216024352053,1.42814443692808,1.49356643990788,1.43245586611837,1.4620885565833,1.08512038177505
-0.024086130802598,0.352327434060725,0.587565424678999,1.30475478838339,1.08825690644399,-0.412337020378158,-0.312842142457877,0.39527456634396,-0.77074171101408,-2.04184066766934,-1.81684008563649,-0.882962345771881,-0.270821051475149,0.554814515573141,0.157964512378451,-0.424245348672305,-0.354883980428614,-0.516991595337106,-0.382762343193482,-0.0716135279412396,-0.449650991098422,-0.722930464536975,-0.259522079702034,1.22600650404131,1.35587596134277,1.40113435355018,0.854663043869043,-0.269810325549843,-0.618918149088566,-1.25617302233148,-0.528115434767716,1.33927151640813,1.42145618255974,0.988005901676792,0.473313351055637,0.198703577324155,0.458954237170525,0.643921358292883,-0.014241218291889,0.496452781492557,1.9621527337339,2.15458738571372,0.417114905919961,-0.0810375049424495,0.942250297510649,0.610424910094219,1.05724423286905,0.857884769993748,0.286583477123285,1.1769681635694,2.45156206879043,1.67891984620728,0.298266612040857,0.468719320647801,1.06177406494966,0.0895825681498383,0.235561221099955,0.648087082127611,1.90706357578407,2.0478904164815,1.69955494796288,1.88718636531161,1.7814318806509,1.71896507252903,1.18974508013572,-0.166725623382253,1.34402468160355,2.70413632334354,2.39621499106949,1.27090296473652,2.13826033342742,3.50329514027331,3.13651244340568,1.97746642214621,1.22748976182442,0.774759310187064,0.77463146238724,1.48277558557038,1.65047860318644,1.61887194333999,2.79281942424831,3.35890446687519,2.97626046112899,2.93310058203545,2.30627801909133,2.20828657501019,2.84901842975684,2.87919746468744,3.44346193374058,4.05940023322888,3.7094235726566,4.41417644207862,3.79158915433478,4.08896479601983,3.77170552235132,2.85284192534651
-0.0451650485165472,0.196830023777315,0.29678781580776,0.552036908148177,0.487492111797547,-0.178756408767312,-0.116970580260758,0.252826796556699,-0.328938620503952,-0.954058157172592,-0.678415748811039,-0.377370650291479,-0.155022341280868,0.248013323613764,0.0984698142695773,-0.247811513566243,-0.294413339273424,-0.21019756914951,-0.210768919960454,-0.171294348340424,-0.215913883381216,-0.53346567429059,-0.064817534016865,0.695803161387172,0.661079517390936,0.826064600948353,0.393610901328106,-0.198940769876649,-0.280805632593542,-0.696511811635571,-0.267279881384982,0.653654511054935,0.756549217011412,0.457185074407819,0.255832352527714,-0.0281894107901543,0.262370035307482,0.463887691774724,-0.13224232053105,0.317769013749005,0.828024372439745,0.984308342199461,0.269116566144313,0.180491799819597,0.313759273261928,0.256285793475333,0.29887528714609,0.309541891876364,0.0718644540607623,0.471730655039439,1.12466671708705,0.721393905068876,0.164728090372827,0.270120991371516,0.194601288413987,-0.00776798749715415,0.102577838505502,0.307461947737813,0.916971763070145,0.703041250969108,0.69772676193335,0.704762870207883,0.859666211027176,0.861031005249425,0.350313185657388,-0.0535053908510682,0.66371223932814,1.15219036068268,1.0269029440894,0.614524744990225,1.03686722047974,1.64767939336731,1.43632987585256,0.763396135469975,0.603469799051354,0.362844018286801,0.446373633147948,0.494092344234699,0.78532173082054,0.679481322532976,0.999864759275399,1.28259446410272,1.18181213224998,1.34311050254449,0.983274529698027,0.880067823894596,1.29532591345394,1.199659363766,1.35007556129482,1.62346833974826,1.57541459051951,1.66020621054684,1.65083758645225,1.82965712033418,1.57962264986406,1.24791958552941
0.181924386317379,-0.149444752336573,-0.325598014629375,-1.13194559916774,-1.01115974769834,0.094308321652296,0.219875514939273,-0.326066737764326,0.358812543260881,1.27139886095954,1.41774166864759,0.7680728039448,0.160876075197935,-0.29799278439988,-0.0216749621170531,0.302413784507474,0.42421042416033,0.314385501017607,0.261311700255573,0.0506471909830079,0.431119822189112,0.723638603313136,0.282266758724622,-0.923527434461447,-1.17185424952838,-1.0389004356898,-0.413960529073118,0.122755181403586,0.572717721318807,1.15118795890033,0.544237182591556,-1.08103467500221,-1.20158270447144,-0.90766826550687,-0.259809658038145,-0.0156429661770145,-0.332240637443137,-0.298157829545195,-0.0287080594486963,-0.212617086895135,-1.71440761891402,-1.55238429107658,-0.344939182886246,-0.181590710910798,-0.831436163464645,-0.388691903672243,-0.67297050162694,-0.583204982744416,-0.2797829098219,-0.956348068609921,-1.8771807528649,-1.3964776185622,-0.156013124796378,-0.406147769756594,-0.800703245679121,-0.126680036794445,-0.0690008339298902,-0.369177260992758,-1.497437074826,-1.61764953766055,-1.27218827841411,-1.41201666658924,-1.518622271129,-1.40156021866452,-0.869080115785017,0.33215283603884,-0.943074228258215,-1.96630269839976,-1.70914924636888,-1.02224839860205,-1.69085923562816,-2.84896058744101,-2.49109623445329,-1.44773432060769,-1.00816808087409,-0.747675902543543,-0.844962824945186,-1.31309141551895,-1.12674946257843,-1.48696210476064,-1.90253575855388,-2.6304025135708,-2.37158570813295,-2.25227510163174,-1.73957774907524,-1.71598989666955,-2.30296903473671,-2.08455656945288,-2.88244032605822,-3.2842108362412,-3.02442915854649,-3.3909942379036,-3.02393858225975,-3.26529647118449,-3.08070631494893,-2.34136463651086
0.0536328605525135,0.0374863317435407,0.0222260332632291,-0.282569798702591,-0.172998561732368,-0.0445314501566836,0.00335334997064397,-0.0873323966626325,-0.0363878587622665,0.450275815977988,0.232736458975564,0.0941732187234526,-0.0465306621218409,-0.159611929649981,-0.0683507469634379,0.0313246446568296,0.0737904545289485,-0.0885636727878738,0.0400364331628494,0.0164933040858114,-0.0350696802124051,0.0158217583907381,0.0814377262798853,-0.161312157099233,-0.306782776951276,-0.191695750964474,-0.00414693468075318,0.0681918217490174,0.0197105376972416,0.0613750319976757,-0.0894194965579009,-0.136832092446542,-0.306102763885728,-0.0899235154700456,0.0318607922922215,-0.222629674961044,-0.0128310891890613,0.141123673053246,-0.0225289902021709,-0.0701941583928415,-0.153162369891646,-0.38932158497184,0.0812629339116637,0.0686532712015872,-0.237331158010821,-0.0102641977880332,-0.0224003901895422,-0.113047384739345,0.107995233555395,-0.22387338615552,-0.310117406270372,-0.457178672757967,0.00768799836079948,-0.0375513135316564,-0.18654418482284,0.070496721957799,-0.101772843073025,-0.242622392453756,-0.0532225911048763,-0.3251215323057,-0.162532316279077,-0.374672078066647,-0.23628563170222,-0.0214416175021269,-0.112838724239233,-0.115487110411041,-0.0936847198582344,-0.263200730061457,-0.252359622696666,-0.294772729973094,-0.256679809116617,-0.481348184951813,-0.573933249044418,-0.175839575381083,0.146432340451362,-0.0643163182544295,-0.0142169969559093,-0.234048898430536,-0.070781641504079,-0.145708199703359,-0.348564924441861,-0.432757110987366,-0.453568618362562,-0.456379542238714,-0.284495842066338,-0.266571084414665,-0.273398672788287,-0.366941401976131,-0.379480204505174,-0.490718448452279,-0.428388185318525,-0.561006739636002,-0.429820681885993,-0.533526411123063,-0.484386915502619,-0.30995976152159
-0.0814231415026875,0.181510689056007,0.614092046695351,1.69925129091833,1.33412409834432,-0.339659465714379,-0.356618420417196,0.52816148820449,-0.601714818580373,-2.27324740383533,-2.3817619457535,-1.18911949974683,-0.413047331488543,0.36649311564111,0.575431184334383,-0.466089776005216,-0.294512468555193,-0.525585314241847,-0.319718013344399,-0.108964816219631,-0.576292503327925,-1.03521087284595,-0.323815310098038,1.45195449002988,1.6324861311898,1.83032238383613,0.945982090647922,-0.258215048557492,-0.897245880143261,-1.4538198098008,-0.500666532236983,1.56279875029189,1.84203027384613,1.14222150080018,0.48578229845083,0.0717704243877498,0.604179013318185,0.613976113889203,-0.0661623580947016,0.680341099720284,2.30302319389375,2.52199208318971,0.454932268568127,0.176304091631101,1.15907036789371,0.685473581090975,1.05903721075163,1.11446540126667,0.32197768561971,1.3826848293077,2.80849066340387,2.04237338858514,0.596790441923642,0.419908579316963,1.22062483355483,0.0990746319934228,0.255427391197032,0.797443144866602,2.02562368600121,2.25523860259128,1.93436943604236,2.05289742306775,2.11674927157797,2.16536790221878,1.14065195266824,-0.112939744860694,1.49750605559981,3.11502363899522,2.67071487166581,1.54772452275777,2.62425353326727,4.21923312583785,3.60926473869899,2.05190081547694,1.4970695125238,1.01398717508782,0.950993881390197,1.79327663256216,1.76617471451527,2.20791156529014,3.04212660574493,3.72630124489338,3.34226133382455,3.43925379079769,2.67690289239511,2.39951092601238,3.46932422003298,3.19339601960908,4.01540072534368,4.84190678632477,4.23336268750051,4.85614112102468,4.51864856472732,4.91239283492559,4.48971355157564,3.39467517137389
-0.075617060242786,0.235566167534913,0.673411308950922,1.4902603265506,1.35037693785913,-0.4033179377172,-0.255474259760605,0.519280757561287,-0.657545253262855,-2.22440842821401,-2.09376743598753,-1.21471299208037,-0.304757599995797,0.492393969596056,0.206817133653683,-0.727099398570977,-0.307053716045466,-0.390042560933879,-0.445502389141117,-0.202330931661143,-0.436073596908426,-0.833207011102021,-0.357996323339846,1.34079820848745,1.76327473433031,1.54523681535798,0.919988434832688,-0.1606010796752,-0.659631087329435,-1.27170993200938,-0.5156600707638,1.45096197187936,1.52170262019224,1.11798527576784,0.651602514111882,0.175172947711891,0.348690658857241,0.567958544014166,-0.0399640855967083,0.555847406971275,2.02626333461705,2.28953282035744,0.44740027648189,0.15139866903063,0.864582733546216,0.468413169698989,1.11309249412242,0.88031961060785,0.332548305792866,1.42757114981015,2.64103664576136,1.76306316166961,0.286839062822269,0.503263966062966,1.18132066386778,0.00868123059791676,0.0381850899468773,0.491185037512697,2.18587892778243,2.35418440168484,1.88155989894073,1.85933236915286,2.04025675787321,2.06606856185398,1.06692041713082,0.0161946541003861,1.39170521999037,2.75552401434146,2.43316377181753,1.41290753978212,2.35146069855116,4.04224550247588,3.44912313247377,2.08074775898898,1.18621654851386,1.04398974056653,1.16965566915257,1.60370238736568,1.79694856568982,2.23690909546994,2.71730553832047,3.45388671839579,3.23971148854482,3.30091030154264,2.41013852932591,2.5504514253512,3.01792458926241,3.09849698329221,3.91075361521925,4.44534666843387,3.98428366913272,4.57783073640112,4.48232743339601,4.68287799148301,4.06038278878733,3.15376034854179
-0.156385264285283,0.164228497048765,0.271040333019022,0.298116512011141,0.345683181765772,-0.170752095489156,0.0441145912320921,0.28541534991543,-0.206031388693581,-0.680714373367619,-0.673640426746907,-0.310934881933321,-0.103722490221013,0.18459347059368,0.111909148784754,-0.0979816423805528,-0.0512095101821567,0.0384688595808381,-0.195106661392447,0.16344270932121,-0.13628037802199,-0.243137130199313,0.0783550063650009,0.506863680752111,0.532545496140294,0.459571657631934,0.211775005067803,-0.0880237324285401,-0.266821527609732,-0.214937791554953,-0.192022078576605,0.398239199840741,0.555626906926239,0.41325697529008,0.158579348165548,-0.0695696305834927,0.322073230203393,-0.0564348598504574,0.0632843560345254,0.327986138090293,0.616938991942138,0.935077651669544,0.209559255492436,0.0904473576561618,0.456105693496371,0.0838598740216464,0.288485111442536,0.276229597306842,0.196209959530233,0.384181133737024,0.813514448099992,0.503442861675381,0.113856631978177,0.260632095020101,0.317168376112941,0.0700836535501294,0.172573125717993,0.232532423711182,0.547512759923121,0.803352052248334,0.561540324398542,0.790039580281351,0.64743216227087,0.68694527705565,0.36186584832402,-0.0383214915874156,0.465696454505144,0.876614021463696,0.735908404099438,0.597200198357309,0.662014168139582,1.40394134265318,1.008869486953,0.502874197252811,0.278824532400301,0.403329486833958,0.29843252455768,0.456528460082321,0.554994715247985,0.540469721780539,0.654638276056643,1.30259740598569,0.972023498497042,1.13858038913581,0.768023667971286,0.896904723182019,1.08175849929206,1.05919839492079,1.25593517564761,1.34409189976822,1.22449780488158,1.39344440953213,1.34066523006349,1.60226764778213,1.21814170469062,0.959025140873876
-0.0206934622968151,0.0220776087767385,-0.110958215609955,-0.00585957919828245,-0.016636667582632,0.142851224429156,0.0140721814399341,-0.123289689885623,-0.0294536672762133,0.0370988948477333,-0.110170008872584,-0.0462249216001596,-0.161533593368845,-0.0959072295999382,0.00126718581480409,0.000138407943655062,0.0540800434796823,0.127644912910817,0.0764440520362471,-0.0659618129840613,0.130891229794955,-0.036340617596951,-0.0444084797946931,-0.0842581556501257,-0.0425029134247431,0.0452678346843118,-0.0328469611397644,-0.127861194379872,0.0571926567485275,-0.0964329303007078,-0.1438055674415,0.0814290308308805,0.146901740362866,-0.0552124650443274,0.0211611511739137,0.00607436907094221,-0.0777347152859926,-0.129606643311849,-0.0821364034830534,-0.0253990771633034,-0.129421777900102,0.0707468140012882,0.0681597878554415,0.0250948959553288,-0.0105887686679855,-0.091035630391635,0.14206116446898,-0.00642582824627179,-0.0944748292560898,-0.0393217866724819,0.155694284036992,-0.00809646414301646,-0.0162878707449781,-0.0899795328112745,0.178801479391676,0.203039304051395,0.128794496794065,0.0126166008680134,0.221759145323043,0.103134411397458,-0.0600645003673085,0.0550119549134267,0.139336098443675,0.0266950175457358,0.0960767753803261,0.104646980951883,0.012821447524107,0.0896804672270913,-0.0432673897981672,0.0764414849664503,0.0393386808096212,0.0648273661178326,-0.0609966204173943,-0.0881597054965528,-0.0539017390450214,-0.0192268628336069,-0.00112819605546179,0.0218116306295441,0.0482550083197976,0.00546972696987861,0.0203885669216356,-0.0182261923118043,-0.0749810550066819,0.056607094582105,-0.0267975708280775,-0.0103306000751962,0.104042938726807,0.179871424971278,0.00719476085558075,0.0164279514321373,0.167465806878412,0.00958135496236725,0.0112861493716734,0.0446818956019007,-0.0321860007155978,-0.0379212713520459
-0.0383959956521543,0.0368410833879649,0.0956933019611763,0.324099738447179,0.275426127228449,-0.172686039802493,0.00389829039043749,0.0543447038020124,0.0419192998160574,-0.613139938635418,-0.370610032034697,-0.200997805357299,-0.141721153414543,0.144648580154247,-0.204104428457558,-0.224645725458772,0.0286520574714643,-0.0697340696313936,-0.28268868725608,0.109361424973991,-0.1873802701349,-0.195004278187046,-0.0289629838249486,0.0773912020684682,0.312228570090796,0.386406454731047,0.117202788784616,-0.0367661521645156,-0.245834953483424,-0.238813766417995,-0.172478031569933,0.370626465995412,0.209918969538738,0.161396178135635,0.0600830188959358,0.122026878036444,0.295026066473495,0.0634095367093319,-0.0088982801378872,0.0132508874586659,0.44914875500855,0.631180925962099,0.157095109254881,-0.021176493038275,0.308400446758595,0.0866825853527514,0.188698855896965,0.222758616758784,-0.0553882914463279,-0.0226607852603355,0.421556713738266,0.477099192912583,0.166934630570507,0.078226868859185,0.229858410398006,-0.157843922422587,0.0680431138449594,0.145953991239243,0.247047579752283,0.605538737967599,0.339695294737199,0.691438746410872,0.400408664145234,0.472156076716995,0.260948157866293,0.0335031825546623,0.343264717313781,0.619951190919789,0.364027911140964,0.309629995315397,0.477104839772692,0.854747874702858,0.622089873065822,0.379493400688302,0.407317509881107,0.223665286891796,0.294806944233365,0.32236259794595,0.466024240424523,0.281009895882926,0.644143479570094,0.757487098668009,0.892897189262522,0.578005353539536,0.324544752552479,0.437858446426559,0.569406368712159,0.749290860537542,0.887043257988633,0.983825446593146,0.812996403790031,1.01619599133413,0.92969723137785,1.03470318708008,0.944481800330048,0.614572534660991
-0.0040449691792949,-0.0613808213066633,0.0150694411373367,0.0478656655763374,-0.0517749321657627,0.0503759107060505,0.265510841582324,-0.01840835983879,0.0435699269979459,-0.00974866301240945,0.0925576885614343,-0.080444970078608,-0.0497466164450332,-0.0868794748280411,-0.0234548564286899,0.124012055086523,0.170661069264974,0.107376200629832,0.170860100945859,0.0782922949376522,0.0794442332941563,0.135882762653003,-0.0673242193294222,0.154816897028475,0.123817249335166,-0.112905763266954,-0.0621578076730358,-0.117871718062173,-0.051219889530556,0.199138016147754,-0.0296121991360523,0.0187842823071423,-0.00212052651619981,-0.0861051686135794,-0.0542111153309644,-0.139573941142929,-0.232198813567587,-0.0404991129548536,0.0750057800968325,-0.178635069875196,-0.0601761766068217,-0.0544460971818187,-0.0978130267712111,-0.0208059451946595,0.0963982463772878,0.148124926637284,-0.00531135931346307,-0.0727666102253697,-0.0507506706931129,0.0613558393024031,-0.00160327845471393,0.0374713337928466,0.127847392036538,0.0115989558851714,0.0114866125519067,0.0686681363633082,0.0598183554345279,0.019808964580481,0.132064166392044,-0.0435108101713918,-0.125289442592193,0.0200319397855978,-0.125667699921352,0.00269344253300256,0.0803960553525489,0.136177885260454,0.175477471190476,-0.0306998743680129,-0.0371439328062814,-0.0185270543098498,0.147243869743072,-0.169486676443632,-0.0431522355936568,-0.137376955522949,-0.00459266976850011,-0.160009880391877,0.0271208099940653,0.0269103552914335,-0.0500468208971144,-0.000409651921883927,-0.0125822223514012,-0.165737415731579,-0.136393109493211,-0.0603051859390231,-0.116145430288101,-0.128276096978176,-0.0505760519404129,0.209706638174646,-0.157508681944742,-0.0776975054697617,-0.131490304819842,-0.0987967205764353,-0.310307000349751,-0.01550133173103,0.0329127062637913,-0.0963504469210277
-0.104517827540319,-0.000663437205287659,-0.0184367892108507,0.168760677730714,0.15516719578445,-0.0370490162766402,-0.0504974447194605,-0.216610813022654,0.105422019546113,0.0962197460031818,0.0177889565271235,-0.0722019181463033,-0.120103013766361,0.157902295717318,0.178201964794494,0.01476686880559,-0.281344150663538,0.031939050794314,0.0311697349339208,0.129779094704363,-0.112403126897637,-0.155568095074405,0.0238320532467801,0.12909041596594,-0.106827746650069,-0.0972065081142269,0.00937973736403606,-0.0069676236084039,0.0528805892255614,0.160988735655259,-0.0938689606986104,-0.00419720733878522,0.0815756462729912,-0.000741540227753634,0.0664525295970288,0.0435312357387019,0.0228796609438464,0.0671941904851937,-0.00206249260913774,-0.0629802920135915,0.062621496147181,0.0132927266648293,-0.204608943008288,0.0892127388126612,0.0148176031612234,0.0887377887921428,-0.0793533036373383,-0.0432599866254915,0.0977948961132564,0.0295429560065585,0.11884749452398,0.0519183582452953,0.122523118303111,-0.0135385921764446,0.0972793079033547,0.142133972937052,0.00119563985804375,0.0557226932363444,0.0250753334524304,0.130384222562993,0.00995443776925369,0.196743010696581,0.067137479833601,-0.0771272311101368,0.0540666862511421,0.0484739803391096,0.0243409748836074,0.10386570111444,0.215489926748253,0.0352987452765365,0.0836375315821563,0.0494148338112633,0.127239298702114,-0.0361625516088419,-0.0750861954252671,-0.0668081095883057,3.85642179913902e-05,0.045709747560726,0.0670967232003025,0.0169697672760591,0.127706936449835,0.00651152603905678,0.151499997108834,0.0731999737866337,-0.0323091272287474,0.0692746363485158,0.234352781165847,0.108517528255948,-0.0240785344582286,0.22313376599036,0.0589898444589929,0.0402826505569675,-0.0367215571083448,-0.0937929283127586,0.142520127238689,0.150677227690709
-0.0931688192257473,-0.107775718283918,-0.0315289873065035,0.0503932806757275,0.0182232000449185,-0.0360340198995305,-0.159273521435311,0.166838325445758,-0.0715824221288315,-0.0850411087356765,-0.280481823161365,-0.079252995054972,0.0593201300316589,0.244305675648119,-0.0210905849490176,-0.0185218275441768,0.0297557455448744,-0.0222470805980296,-0.107148236186331,-0.108878665093231,-0.0298781681503434,-0.0375476137292727,-0.0777863527449813,0.0706284081593095,0.123527526895689,0.0219175767006733,0.15207926704716,-0.0189395682435624,-0.201759574059373,-0.218162891686171,-0.142184653601936,0.0861081870809545,0.0779647035577017,-0.0246349612324761,0.0626752079646003,0.0310108688876393,0.0754563924419025,0.0113953939238943,0.00992995731399931,0.0887958713749145,0.16840667019944,0.227347669055425,0.208608115805256,0.169656995325516,0.0902033864036312,0.0975462622292606,0.0796227016931307,0.0653443798997869,0.0225064413537053,0.0127666423985662,0.383113360155178,-0.00952467942196777,-0.0297235301211887,0.0650159357909413,-0.0478584984227152,0.0437158635789167,0.113462850689406,0.175816139265729,0.0990343678807221,0.268669952890059,0.0900822680556959,0.145260265677116,0.00586502249153728,0.26996226868309,0.0545255379209564,-0.0152092026696057,0.210232640935187,0.312449137933934,0.111649456323283,0.266716122666859,0.22746342738464,0.289420644852938,0.213506282521647,0.276106177018549,0.118155743630638,0.130857826945444,0.125322357715278,-0.127332715504771,0.288731238872087,0.311270970118914,0.274220287597395,0.397201597831744,0.272350663200764,0.283252724987096,0.172051904844546,0.0495034490752556,0.245590964199535,0.313371654986396,0.363317196235258,0.473022272984333,0.185028893208226,0.585599813846083,0.426803806273485,0.522949047828736,0.440401492441541,0.131273463617252
0.0398636395678788,0.180883310170517,0.413038709682986,0.984246282157093,0.650773504055188,-0.225916362002167,-0.151214056840191,0.360725125794228,-0.430991808046251,-1.34049896572595,-1.29333586165083,-0.601964854255555,-0.268823476729539,0.274522976541833,0.0671029518142772,-0.311943796635148,-0.273175277291995,-0.427326428144997,-0.256100330455525,-0.312507121951967,-0.467073556188497,-0.588878785777,-0.177109429253615,0.865810950196127,1.01420718081333,1.14817408802813,0.68433850644972,-0.145462898137342,-0.560188923188409,-0.98766731235597,-0.228704915141987,0.949093776503051,1.01339144086119,0.7549132196032,0.388282912389097,-0.0420222920324572,0.181529031999682,0.342925864460833,-0.106494377265114,0.582201849198118,1.4254642022461,1.50480243758643,0.223482970156666,0.263556671911506,0.614557295826469,0.570552911384968,0.726512237716786,0.405501621886305,0.212729078818812,0.842345059858633,1.75936735814943,1.18593075053029,0.126147444596068,0.178881761232567,0.736844221665211,0.0404674750707583,0.0816796380986104,0.459404109564859,1.39256221898433,1.40160572102549,1.16364379308451,1.27863800558276,1.38396366188036,1.47791537805786,0.77917035656815,0.0316951227420685,0.92451153492468,1.87738538559159,1.73232432432321,0.890414107867576,1.70743699640552,2.58910483765355,2.33455530335803,1.48310398869312,0.900325972932593,0.802870343616906,0.744171018755877,1.0760785179851,1.13391410532478,1.24909932585573,1.87283546639328,2.27855264648995,2.12474135978895,1.91839020139103,1.46639320977426,1.64730144237163,2.03600014117993,1.91841045410107,2.63313249613514,2.86554958419011,2.64173728420435,2.92686157218106,2.90905883871988,2.81936587846685,2.58225939048898,1.97241810911661
0.0140457096229447,0.163586899575536,0.0170618352149786,0.0480948414204043,-0.0699903243477226,0.0493014471343597,0.0259969152055089,-0.0184470589172994,0.132796278527218,0.0258230472302274,0.143751607419416,-0.0602118445171193,0.0724519436977007,0.074960525303696,-0.0039444576525444,-0.025794427129884,0.0725340557112673,0.142342503702685,-0.0101574652725142,-0.0117899511296649,0.0250887469519153,-0.081528528316396,-0.0928869878454701,-0.0282098602383701,-0.0225739130935187,-4.63911539431289e-06,0.0672905902194133,0.000314159368724247,0.186985108340833,-0.0177825100013513,0.0500363589254256,-0.0102631432815129,-0.0826855335005837,0.112666816991307,0.11425663037628,0.0224460335630922,-0.00432888746814315,-0.0454938942964836,-0.0582194920632325,0.00667761304176665,-0.203053232592128,0.058511505482166,-0.0506541112139947,-0.0808181076562109,0.116449418034643,-0.128802685699333,0.00794290877032415,0.00548422626298246,-0.0389008302103911,-0.109281273595974,-0.0493388760162384,0.13731842883412,-0.0351311027944631,0.0326098510555271,-0.014412945853107,0.0692507655326942,0.0887858719284477,-0.0249867769916126,-0.176208492875506,-0.0671766886320129,0.00530513477032182,-0.380652256501762,-0.072111919744667,-0.101750054883824,-0.110349140362741,0.0524492869269776,0.0538372058416434,-0.0817671284012786,-0.165531062187363,-0.113810418422556,0.10776023741744,-0.195781953275805,-0.135779988968942,-0.0100870970278805,-0.00659362585679747,-0.00253474633711132,0.130798484515172,-0.0251281158263929,-0.0578249792564811,-0.0998259774853268,-0.281867948767284,-0.219627915554056,-0.218416076195992,-0.0728720330818941,-0.144772273458851,-0.0358994978146228,-0.0561297225770139,0.0538736546727457,-0.0602068942214871,-0.249500042207985,-0.081254562446496,-0.186914231772261,-0.048346342535879,-0.084848442087178,-0.0127913934865235,-0.239193016965291
0.044020159074164,-0.033585860165906,0.104161841387133,-0.11765742595916,0.0600164968187962,0.0213883514575661,-0.0538693924031241,-0.132356187450796,0.0705767230615783,0.15677720961609,-0.0355454170464239,0.135515971833394,0.0178936495075327,0.0138898790403395,0.179312462074862,-0.106654054417234,-0.217778360365472,0.0136640595172665,-0.0228938472298335,0.12713206173373,0.00371182691269419,0.0523371181455775,0.0357652708260443,0.00835469291561206,-0.0303077533146688,-0.119688377004998,-0.0628391359847695,0.0892620089344211,-0.140875208974555,0.00876376050052188,-0.170587789198509,0.123505620762132,-0.190096809867866,-0.124422690755458,-0.132739873921523,0.129276986911288,0.224757214168007,0.0285437023298394,0.00700498884953668,-0.0465992457182991,-0.0352333573780261,-0.280776088215779,-0.0545771144326804,0.132802202373144,-0.252035869791082,-0.0263314296594934,-0.103587859595843,-0.308394668934692,-0.149745896447966,-0.0904391688292963,-0.162127533022892,-0.177687032005466,0.255332604796575,-0.130019425343095,-0.114645152554921,0.00255093390486963,0.0835395860475948,0.0742985925927948,-0.186428187385637,-0.0475443930947239,-0.178884189428289,-0.127387373608187,-0.183627389916232,-0.14471082938417,-0.205739198489545,0.0249132237904531,0.0151486025903871,-0.0767276777176396,-0.223030944870915,-0.140624872248776,-0.0557372219106315,-0.42712916011587,-0.143085315939245,0.00260534191542851,0.0368428776295791,-0.0778279249765837,0.0410714031344782,-0.0372196126026913,-0.158755535685091,-0.164523409354981,-0.187899030003063,-0.0442860686196157,-0.189789164931901,0.000743038271051488,0.0112911013152186,-0.185909779124568,-0.113800261579252,-0.349022066389602,-0.18881472835687,-0.156388747383718,-0.173957057453042,-0.207763338462146,-0.0765210673854621,-0.414401072858817,-0.377459414922006,-0.0954663949237736
0.103155872213588,-0.021728187107736,-0.132896874419817,-0.324153579623595,-0.0550141614849797,0.111019613949176,-0.0309212716464557,0.0365393044098158,0.0842859205954122,0.4663168319466,0.337489907405059,0.0978720061295161,0.117754317910681,0.13087585983065,0.192943059508093,0.0765672258110691,0.267622254669489,0.107147305512173,0.157524071465539,-0.00561010364788785,0.228486084243399,0.151468954784439,0.38626191153899,-0.204351293812011,-0.340450704291799,-0.102220234886122,-0.0944088803053911,-0.200146791765943,0.213010266993038,0.255913084771824,0.285899182302694,-0.156963939368709,-0.33193229719324,-0.242171144237439,-0.0104674628837013,0.0526789127162699,0.0586315389311441,-0.175037875055347,-0.0711090176556373,-0.179715045318423,-0.240483149142073,-0.39215173128438,-0.024366488219774,0.0317128298994887,-0.109768356785286,-0.130868146121762,-0.191978435793134,-0.225087481176563,-0.137685153453164,-0.300685980203772,-0.459993702651879,-0.149532942086473,0.0221374143448086,-0.0467795709244501,0.0301781748905,-0.0545894893379515,-0.01882488121249,-0.120541971106523,-0.539979168804669,-0.307008196934916,-0.243583464066466,-0.359609893981753,-0.275392539232267,-0.336245340073131,-0.318316621102906,0.0545439421420507,-0.16992411300325,-0.370288191941789,-0.337075131050178,-0.250301055110048,-0.380645321749568,-0.623402492851463,-0.431053858619128,-0.359669828937475,0.0242446738013134,-0.224471713364103,-0.333001982851842,-0.322347557740965,-0.282999572472498,-0.335830116201613,-0.403301642629087,-0.420080645551284,-0.712567257985913,-0.298925141869775,-0.321181924375135,-0.522013006201731,-0.532824761559465,-0.440588356891669,-0.497070400032759,-0.692304873840528,-0.527386592572168,-0.763105637028003,-0.793782920942514,-0.724900561441827,-0.726561510085947,-0.339227579975077
0.119279879171672,0.0127730507428929,0.546486824472339,1.49992492239777,0.988932695822294,-0.281575536260045,-0.164473378995978,0.686358514792245,-0.33177510899021,-2.05346989960531,-1.6500000365315,-0.89108154126512,-0.21808423551211,0.0887569423860553,0.109911446187284,-0.211627198371235,-0.502502130337959,-0.0840127628269553,-0.382341121282984,-0.224663483808002,-0.463395394009966,-0.739625773733277,-0.206674782954378,1.1903107975001,1.6124005401538,1.279848823859,0.863858945838527,-0.265155589733707,-0.738698762213445,-1.11488410753529,-0.467920676627303,1.10726742936064,1.46117438080211,0.984438072704278,0.52763852096316,0.139496808775013,0.357692279623294,0.508909163369906,0.186061563112002,0.448152802706413,1.93248953323875,2.07712241774038,0.201609758987792,0.147071986593945,0.746773602979112,0.499874224099634,0.812852335027349,0.766536253542289,0.142007645178454,1.10371893887888,2.3016498786239,1.64226612159852,0.269155941416391,0.404989759812894,0.818576470830143,0.219970417504463,0.21155996230404,0.365958659844768,1.86258958841891,1.93147463093899,1.49568292494653,1.62025667194592,1.8256050599143,1.79242212985873,1.01573589158436,-0.144832293113026,1.19586620902108,2.31453549806217,2.17459468033257,1.16609397075699,2.30021532226481,3.3060211221504,2.99553773140591,1.71230840091454,1.29116299829203,0.885272218138328,0.704272732660116,1.45786801222288,1.52246240154839,1.78347289101805,2.55754229510364,3.11024541832775,2.77001899287668,2.75973984371607,2.25049757414987,2.20368669623702,2.74345334045989,2.51978926859054,3.34498131612042,3.89580323285705,3.46568700042833,3.88727866137949,3.69803797978751,3.95828232020761,3.57991120101934,2.81045067932947
-0.0242948209163536,0.0521879536995503,-0.049966157415534,0.0750428479314792,0.0285741298885991,-0.00655724262153718,0.0683349333878661,0.0322754886525048,-0.156355823009013,-0.274911248187357,-0.226267471405814,0.0198678964918199,0.153398186249266,-0.112181388459106,-0.00222783842608696,-0.0883107165655383,0.0984695161514606,0.0524724265691615,-0.040855712875336,0.190119161129296,-0.0237353670724686,-0.131872019858398,0.041178524222743,0.0639658502865375,0.192491459608199,0.0951580393750126,0.155984614757381,0.102030048130497,0.153160093937145,-0.0316237817023688,-0.122772741840393,0.177080109624591,0.112861962343799,0.0231550055654626,0.209100129676744,-0.0491318293591729,-0.043223449280791,0.0425117457683302,-0.0896206201935914,0.108097901369687,0.349289203336808,0.406403049805693,0.0752347018755039,0.0783869754571652,0.0172008705678951,-0.179638358784097,0.0272197975439316,0.128708174510109,0.0153833951565786,0.0609240737666885,0.211965914591203,0.151197284795047,0.0111664445212457,-0.0211903754261361,0.085616178134781,-0.0242713512114889,-0.204398122415374,0.0725610397006959,0.237528252429544,0.270382563442978,0.195290397833296,0.26738445884055,0.40425022805425,0.355547847615355,0.0412978603958264,-0.0222692893359609,0.291884709843165,0.270399340251769,0.437735755340443,0.205060290214859,0.193126821132682,0.372678158612632,0.284926858308915,0.324789647964154,0.271191877163216,0.0329347372878383,0.00718590129446281,0.25717689970392,0.151061151647037,0.228158273354333,0.193663032273355,0.117432207462624,0.173960092413081,0.275372455289758,0.308256280542057,0.201823845372428,0.116111969604705,0.163721450438682,0.468408602976315,0.464414598523556,0.407317625002203,0.54379995013886,0.373500485547045,0.590996388867215,0.14359228324246,0.198654490386479
-0.0896410985248474,0.257294501875283,0.617781689809843,1.05733988822229,0.99732617090813,-0.287814784826618,-0.0256392151740007,0.427061935792265,-0.455399495196552,-1.59670007500262,-1.43856059650697,-0.79520216810698,-0.188263354644786,0.444146421327868,0.165807108334308,-0.39305386594144,-0.414683344103061,-0.284572907878462,-0.238663422337808,-0.110251105602972,-0.326029553602287,-0.655774558973392,-0.297299430256315,0.992083276059066,1.20975489959454,1.22102051657749,0.671079036504254,-0.340635743747543,-0.489062023002094,-1.06024250145951,-0.398846252483663,0.996034797210891,1.17358162172613,0.937332925947936,0.309842063026802,0.249992143825613,0.31569705562491,0.464590076170472,-0.0546393355668648,0.427900725338302,1.62374153410683,1.87175011151543,0.209181775803477,0.0802954849397955,0.728193339747831,0.275557046839401,0.789638736794938,0.607422095012114,0.285601814124501,0.864926744875879,1.98917696571124,1.41487315352831,0.352257545529535,0.470693980305894,0.865097852207707,0.0134382674413229,0.247147214537845,0.35967296947618,1.57572609038535,1.72295528616831,1.14095984880741,1.46899391229013,1.43924020007554,1.51990936715127,1.01697467901929,0.0614170647349622,1.08897279232165,1.95026811260572,1.85408310679592,0.912390543315687,1.81783747290459,3.02359955691272,2.72865398243412,1.57087194051214,0.96767854392569,0.840863127297831,0.718757562966986,1.40487024909516,1.30581092013984,1.56044087718879,2.00221727776682,2.75563211025481,2.30463964809394,2.27859074153836,1.79119535804366,1.76420214786061,2.27319407623538,2.18576671176409,2.8330368866047,3.00379164664031,2.89503192203337,3.36740017504552,2.9349486845064,3.23406646833788,3.15541488260123,2.57788566667834
0.0225598161126375,0.135032324612721,0.425121189251846,1.11511127450447,1.08932360734945,-0.244277061887818,-0.230486578109745,0.562808473474508,-0.320496045445975,-1.64503484715111,-1.51668550328922,-0.741480797349194,-0.307998846025958,0.437438574397884,0.237970085370187,-0.250828737957105,-0.248093856063415,-0.261039801502076,-0.369397318086398,-0.161925816785631,-0.468932276869377,-0.670903824277277,-0.145302816616317,0.788071295816209,1.03285821725071,1.26657906446436,0.614362882207347,-0.137317254854019,-0.563095091626839,-0.740324252066853,-0.500894899636385,0.931888988718958,1.23087735660825,0.635179128058731,0.419409124440374,0.132094456466833,0.496508427296681,0.43651535549955,0.050009153029902,0.588229335464202,1.40158880818131,1.48211449020896,0.0988027211608708,0.143436417684137,0.680526094482333,0.25858493301978,0.626628279662061,0.569095413193585,0.0457954317736292,0.912117116414842,1.90791186894124,1.43748752000739,0.288615691949443,0.230772558534117,0.907964966153102,-0.020257168137509,-0.107237936172336,0.44367296068155,1.52137564886657,1.45542819198249,1.29904031034251,1.56844406427812,1.59393496105649,1.47448106254462,0.944931637593378,-0.145486690320554,1.22663214493488,2.12241980349308,1.84610374507093,0.997991525774352,1.6294873044052,2.78381643352553,2.50751903458342,1.54169132103445,0.784395960198671,0.894824774732025,0.60232992065042,1.12472955762483,1.06101414957056,1.50912993734094,2.0792478052714,2.57172294660118,2.43989885307639,2.5187855101795,1.92376574192697,1.78893157136863,2.17803600116557,2.35347187947923,2.68351772359803,3.0237600193891,2.95675707427248,3.21459207971584,3.15423495416455,3.33140686218357,2.9080731611709,2.18828590442691
0.0730035406947448,0.104227771123172,0.30294834707785,0.223037196321144,0.460477383130109,-0.243019965684643,-0.239777564476666,-0.0289979325513333,-0.032279580653262,-0.660501415343251,-0.741522243652377,-0.336510250094897,-0.137451417248786,0.12423446486264,0.181755384492198,-0.162119219667114,-0.307728781436684,-0.118539224684243,-0.109871932378334,0.0249102830995,-0.183821141425723,-0.380585667661186,-0.248760153580759,0.45490813383347,0.531641149523101,0.514838578058602,0.314264758439596,0.00933225640967035,-0.122226376968777,-0.445354833674767,-0.246702531233444,0.495956810276793,0.549580757429325,0.3697350987023,0.362826827343106,-0.0756973328922215,0.09159490028302,0.0881457414811649,0.010742459927293,0.257831340283,0.659089898362956,0.876882666916931,0.135004669430631,0.165357775618101,0.557514777888965,0.140155501229928,0.338700990060419,0.37464478818239,0.228844612739078,0.581695904436527,0.855474502626094,0.708976569887212,-0.0582406712449446,0.130294167190915,0.534823267800735,-0.0581369265181222,0.062457654626123,0.228704860552255,0.673633263206711,0.857531627149015,0.493053213986371,0.754764395970688,0.587458842333113,0.6515261474464,0.30711547018533,-0.102786046646634,0.685732797565959,1.02788676002612,0.865161276137814,0.377057499502806,0.95855221180796,1.2500829197577,1.18052920848993,0.773333074014791,0.487113454092564,0.262389082919878,0.276740379064291,0.549651888809677,0.406658579484414,0.827752969799491,0.861247195713032,1.35433081883684,1.11329365825398,1.16792221842902,0.867972844258184,0.861466489294147,1.12796431435589,1.09564527524089,1.26296648963757,1.4240377942154,1.21584465497449,1.63672704884252,1.36194976929371,1.43915563293732,1.43539689680191,1.17356153826972
-0.118642708790568,0.124217183620796,-0.17773441381071,-0.29274285703979,-0.323426914996781,0.071975539278219,-0.00298150563338537,-0.0496818327580607,0.227598713804978,0.319853140697949,0.251198487787113,0.300681385059172,0.173555546635797,-0.0371533677325163,-0.152663258641895,0.187090646288305,0.118563466363652,0.0522497071150288,-0.116168045329465,0.106677629172009,0.108402201830625,0.255056161368224,0.139300187268502,-0.218667553929969,-0.230385579498375,-0.0748261761696528,0.0180940336857711,-0.0292274179171021,0.11612707014881,0.179640978152125,0.103049205311465,-0.242494177760085,-0.32521537397179,-0.101190414932697,-0.183803689916409,-0.172471985446573,0.00285860670536901,-0.226626257383636,-0.0379213650719461,-0.252617695394938,-0.326171863407684,-0.387199991921559,-0.190951010683662,-0.102228960687347,0.00408297308201475,-0.155061467807654,-0.228414339291112,-0.277125628585491,-0.227164530030065,0.0772484816724273,-0.308102043405518,-0.157762890869824,-0.094690186764113,-0.0992288448310728,-0.227841862524466,0.091703218959268,-0.0922777972306676,-0.108700497477719,-0.278003415476545,-0.242057128784419,-0.388359393940988,-0.290550718762636,-0.263406925648617,-0.295880102501716,0.0152338115591187,0.217190460032688,-0.154835827725888,-0.704835822164578,-0.439569835074612,-0.250160966560966,-0.36396431909315,-0.580288448632104,-0.541728417045892,-0.493576631451604,-0.280926377248786,-0.117374994741512,-0.197425253424003,-0.325313249155787,-0.341390476620097,-0.218959162832957,-0.452132594559649,-0.531522233129355,-0.532231812688433,-0.424147653857576,-0.422357080060989,-0.395562795513894,-0.487961436920158,-0.496620490555413,-0.689649115443176,-0.60187060236053,-0.562256313028625,-0.861975600784664,-0.598720142974525,-0.702056204786936,-0.685339987369023,-0.314430937406869
-0.0144627115224507,0.0771043163279666,0.536930729195393,0.960954403537293,0.913234985356513,-0.121419281498739,-0.225716418299011,0.404319454415483,-0.31089936613085,-1.60062869190916,-1.35729908856828,-0.685776841970419,-0.1761648933274,0.303015546489033,0.322153028097166,-0.330499300350186,-0.410182942851099,-0.116996916301325,-0.155052781548338,-0.231205958257758,-0.442901098702789,-0.80203126470841,-0.254258450869713,0.926319425594742,1.24503854605747,1.25771873510625,0.690405686036265,-0.12942251284346,-0.491072792960215,-0.923725711136508,-0.313338394807518,0.975528343955487,0.980320664018511,0.873360604403095,0.416160801510539,0.176965383391187,0.338777399640545,0.360377412743198,-0.0643604865489858,0.519305012970875,1.59974986842899,1.57440017883671,0.465400141180588,0.174380468417492,0.838437688504835,0.431270718635819,0.582657663305404,0.660263895833878,0.163800654450556,0.80171279052571,1.95525905284923,1.27561185675951,0.179156757635892,0.345365317271888,0.798797050305161,0.0546611469217617,0.140292638426215,0.423005799858831,1.43293885080014,1.53660464544392,1.11609580747825,1.4771319299701,1.24152285105938,1.46683367745503,0.815814750070973,-0.140735287673416,1.01009004501564,1.94697882592869,1.78316864244684,0.937790003390138,1.78938051230214,2.69815165945712,2.56788644279179,1.58903436400233,0.73526109356362,0.711469984599694,0.723791292696417,1.18442290542826,1.1622057356495,1.45241114313676,2.09122285117451,2.35018726578907,2.21508512903675,2.22560335068573,1.68284192281531,1.6998070425629,1.98222880196164,2.14301684069552,2.49543175895283,3.14220780665405,2.82428254442655,3.39889391269056,3.04149891994884,3.06751802140335,2.92274719732013,2.2204157059859
-0.149839377643331,0.231035208075724,0.418730298384222,0.728992438734687,0.84794317229803,-0.0967100722696222,-0.0662854044565575,0.19043832630904,-0.173776905033554,-1.3496634514587,-0.958463799236296,-0.454186517621558,-0.297940404724174,0.131760180740606,0.0854113494330942,-0.219149639872287,-0.396087919655702,-0.195440565438868,-0.277276478598303,-0.16555111272706,-0.207240117993337,-0.429091355765159,-0.211985145230894,0.814927661416841,0.831159670276207,0.971992078370684,0.274480113666634,-0.073455178009664,-0.468451955755338,-0.680013602902859,-0.433728706736608,0.75125467974521,1.02691782550558,0.564589761152701,0.176322938967217,0.292581115362042,0.133833397995917,0.427191261367423,-0.0737086049993026,0.300554457727397,1.12216156275053,1.0976797926704,0.191619271800288,-0.0939846419592949,0.348533381739071,0.130266792766594,0.614746137426025,0.391714539496997,0.227104452379502,0.636297724545097,1.21017155776124,0.872947506972245,0.274768452856134,0.31310452750425,0.491613305612476,-0.0946327865545733,-0.0139377837653123,0.335040459009324,0.980558055974875,0.920628376180089,0.745356316959185,0.852492306881666,1.06039880624306,1.11165436789045,0.73916868141744,-0.0499589506819838,0.762139442415471,1.42777426320272,1.25106365061653,0.600199014357721,1.2669154879172,1.92211610929833,1.90974393335622,1.0373449257197,0.627502005389122,0.582955063761094,0.576800452022377,0.817847394698635,0.818057390085182,1.11637206820943,1.34371018232501,1.66022688325197,1.5779983646214,1.62202739968002,1.27779416961665,1.3436203435214,1.71576007453665,1.64432325696537,1.89166906101569,2.18332392516182,1.98233508468713,2.29748723579457,2.25478511847002,2.27775071924744,2.02969047687347,1.79511607266036
-0.0733277187979667,-0.119610961528621,-0.313239949875022,-0.698886338448411,-0.59816650358044,0.256982553412334,0.105497327823403,-0.293104266242224,0.296736151995882,1.2985533442642,0.845536131168863,0.364334685057873,-0.0272996127437745,-0.206493333978482,-0.12844042774796,0.164352361090042,0.283178737498506,-0.0117596468664578,0.172252131752884,0.0831922412838141,0.333907189300171,0.488058188991908,0.058938001459815,-0.589330422352599,-0.782105052566499,-0.820046436080412,-0.296370107457535,0.0223939143105031,0.324357845182751,0.681609778103167,0.4167072253756,-0.796520292297125,-0.844861677664721,-0.60695221843393,-0.186062553928929,-0.143856980696913,-0.452419705832723,-0.234854542972347,-0.0886601993456013,-0.411790589853703,-1.19993525309179,-1.05862125683955,-0.264601140206136,-0.0556490392709028,-0.466232636153364,-0.257397537318581,-0.637753999512853,-0.571944389608532,-0.195419211419278,-0.647423090837528,-1.29968609743092,-0.799182869086786,-0.270743352566089,-0.292594666550948,-0.681987246925413,-0.0359598609151331,-0.173964224375837,-0.463629048844998,-1.06079241356969,-1.14567189096733,-0.986123543893096,-1.03813856250542,-1.22226501775306,-0.929463778375464,-0.747315380176998,-0.0296766369900643,-1.06341278718733,-1.39469540685617,-1.27294341815694,-0.763663080215863,-1.14663307613991,-2.08732974893314,-1.70120640121221,-1.11110646298443,-0.829471426103059,-0.450570722066405,-0.548799040476519,-0.772595921718966,-0.8961797573782,-1.12251832734036,-1.34808039193763,-1.85702661099063,-1.68809033812468,-1.73265590299161,-1.18137224637653,-1.38504420265134,-1.39811159709805,-1.61130120951089,-1.96640334134578,-2.3560701045357,-2.08313813950043,-2.33453010564199,-2.1624504048429,-2.36399933686094,-2.04191916989671,-1.45940502338803
-0.247156599535739,0.0825653358556386,0.565255107296219,1.00672943007581,0.81856200398758,-0.0501242344040173,-0.299679054659823,0.399642149453661,-0.307915536055996,-1.48065892312059,-1.22960438058889,-0.604482044099307,-0.489606714084284,0.0924994933142327,0.154537656854616,-0.226839081818658,-0.378553780315227,-0.309815151270395,-0.0888489728116824,-0.110457599973866,-0.462952162750326,-0.663096905538912,-0.319319346244307,1.01879658716708,1.12839818332159,1.2262998335735,0.587787579010042,-0.218510662492113,-0.457833934195477,-0.973533205182215,-0.564948625382394,0.818924720795999,1.32360569802151,0.672733355084178,0.460327539378037,0.117059979524215,0.135946450208007,0.444220637767605,0.145459260185134,0.541785030282631,1.50403916480357,1.47167091160554,0.204961191699087,-0.0185549794947274,0.666126208701567,0.387467744078792,0.503705580637656,0.590316273270733,0.159580221459009,0.995673322744682,1.92983999480103,1.15802877583682,0.331533585979655,0.215857694350866,0.75789967371277,-0.169563484973948,0.187841103745753,0.436475038893563,1.38540474855722,1.46173744110534,1.24244536700369,1.31404625744587,1.46225847424069,1.54503050087778,0.681538516953557,-0.159761134447823,1.12140612171625,1.91108832139793,1.96993704797229,1.01202194707375,1.70556508183484,2.60662555007204,2.41739855484729,1.42812399620872,0.979482462846696,0.704028394430035,0.747017711057595,1.33461513597289,1.15820989042238,1.44685071306171,1.95543913881024,2.36107797591374,2.20040175338673,2.41212615297435,1.62735475800275,1.69749890646724,2.09826405863226,2.05049364259192,2.83177931822737,3.06383966470536,2.90948216515109,3.21397396395985,2.85603433479362,3.10578771383286,2.71568978239165,2.28079372706472
0.0371116588976067,0.0405068132623941,-0.13254365650898,0.0458819336324511,0.11833749665436,0.0735668202633318,-0.0669957555122651,0.0139655038405136,-0.118980766715725,-0.0485958543505556,-0.170757813352768,-0.109575215534178,-0.15611832234289,0.157520162869954,-0.124496627686019,0.0120782924593847,0.0165409247021293,-0.0482788975431696,-0.243141458994256,0.104988355175752,-0.12441814221352,-0.0973600880524141,-0.132157573924434,0.0554463294361053,0.0986991793342852,0.072527271063384,0.140181116996246,0.114731401776123,-0.0922516826179875,-0.042258194262843,-0.0537627123822754,0.253241671570684,0.277989008772587,0.0932793571594075,0.29286339586452,0.0604682209178196,-0.0381325904773985,-0.207126008773774,0.0832371395004983,0.0548509238505694,0.122611463114893,0.140792496485839,0.141809802928873,0.108374666676169,0.184710669207183,0.155969561250833,0.0712547687564815,0.061696435789842,0.196273651001004,0.22286960210211,0.172513965836575,0.0338623611101403,-0.0526238676514548,0.109996807875618,-0.0394797629971426,0.110926950083439,-0.0757939252223684,-0.0616380664248374,0.168727991818983,0.177957417663838,0.109323698192978,0.183349596312964,0.197481628329374,0.168325563608157,0.216705393628459,-0.0718796102843725,0.00525438526233893,0.121464437562572,0.198885256186161,0.224535543150496,0.26490967733868,0.242607807830137,0.355984362668158,0.0856031763338672,0.271115407039974,0.00119810880817807,-0.0137318254342163,0.211032981896676,0.00590495691617876,0.176065562174753,0.40915154617841,0.130954247743158,0.344083174997196,0.211907275369563,0.303037687046857,0.126042296520084,0.478590591429709,-0.036142256481236,0.309320663685046,0.430972293654779,0.226371231214318,0.499016945309825,0.452801278082632,0.433435222963247,0.3591819331244,0.186594637224933
0.130178856813684,0.149089158598067,0.398879770968518,0.863137246953731,0.794589888720128,-0.135576406940183,-0.313244511675579,0.21228391373346,-0.142771289936822,-1.30196953631832,-1.08316233087787,-0.709494140666959,-0.033388065764332,0.176593380468373,0.191917357751097,-0.223835658107005,-0.220908714182719,-0.214672360144442,-0.192820448555005,-0.116126747707679,-0.0984496577077282,-0.530951045142169,-0.220038602605993,0.849799054279605,0.922457333163655,0.966870376979471,0.593033088348988,-0.016888781688487,-0.613434785651976,-0.729605430927787,-0.176737671011084,0.895084718292138,0.949127580904988,0.510947637148658,0.209845659369206,0.194699146847558,0.214736438458831,0.538408035493283,0.126370414855819,0.390227966572763,1.19295258400385,1.35975698677676,0.256194494737359,-0.0269260621669809,0.511604764690323,0.32684713969514,0.645208999304639,0.532112247803138,0.124734622622473,0.979082548381123,1.43263810040598,1.14109699018606,0.0575302840881225,0.303065058050016,0.699985975884844,0.0345148254067297,0.166448416727859,0.375905441346846,1.23355491878522,1.22103811902814,1.03713832656284,1.24261099718525,1.31779996348244,1.19222509853015,0.89836094320602,0.0650844272319477,0.966252796329053,1.6612505782044,1.45243326962166,0.88460431245444,1.56147727555948,2.39344530156231,2.0584064377132,1.11478576114538,0.896926180878335,0.638255688057308,0.544315036350426,0.964505582012345,0.888997650117453,1.28722565747723,1.51226116733928,1.98751621776576,1.80997424532515,1.90776474623862,1.54899210535923,1.54717104171754,1.87064255742194,1.79825463454742,2.19450709721838,2.57673555370379,2.29372246428282,2.75491161566104,2.52759523930573,2.89639031704242,2.6366513357613,1.7607253405612
-0.129159596217392,-0.0316677446997038,-0.406944431542278,-0.510996000408587,-0.648922448621023,0.118696612065604,0.246045764333026,-0.144281605541835,0.383574111347652,1.01952773980681,1.01913937036822,0.476037265795709,0.0114407406850131,-0.141030158871555,-0.00426438784726162,-0.022015930032296,0.142319858601103,0.172069751245454,0.0317176201168684,0.156087743534105,0.352011856579683,0.19739416767591,0.197227943403134,-0.611994897102941,-0.864701212932348,-0.655517224055807,-0.43008765319909,-0.0300523596247669,0.309437952930405,0.585111648848776,0.228498327275821,-0.59304867703717,-0.656417135763178,-0.325845101076314,-0.278607351269521,-0.101822041179555,-0.339472002707457,-0.233668742800821,-0.197044948200907,-0.21819471283835,-0.874453982739674,-0.974527687992281,-0.0109783739627806,-0.0664440822118408,-0.246279167419357,-0.32224112699404,-0.558890464844595,-0.376720011526214,-0.112018993362624,-0.71533179251881,-1.39598423650405,-0.770125099176771,0.00584205129720908,-0.45453029054023,-0.545422280549052,-0.0109089741066765,0.0366608044428422,-0.276571275345563,-0.841704557701949,-0.959233507907673,-0.838657211196057,-0.922503031701115,-0.880391162268083,-0.818703118071685,-0.490191573238403,0.00110545063619623,-0.700254135208622,-1.18368455437838,-1.02560591322674,-0.62336746115766,-1.09780406783285,-1.58400615139697,-1.43965619176726,-1.06252591364149,-0.668803767817779,-0.285200017165752,-0.302054877367916,-0.689057576578805,-0.736852738314399,-0.855582383902626,-1.12278841142547,-1.57935774117771,-1.39365834372239,-1.25468198867434,-1.04666081774902,-1.06497043178548,-1.24842933287458,-1.3499586452416,-1.71759841266215,-1.66023482357722,-1.60253278980963,-2.09658666634265,-1.77131404008673,-1.9153642812373,-1.7645632398477,-1.23766297083407
0.0214198090764623,-0.282011523988927,-0.816433694690416,-1.18986479487405,-1.20181865779872,0.370436698578467,0.134282472919997,-0.373399623604106,0.435573894249778,1.86640275122502,1.68154958671279,0.963005381594607,0.295048697907325,-0.384515565917052,-0.204216201042049,0.350127992187505,0.442590684463909,0.377539573808983,0.493234989188204,0.146743371845485,0.360917526031323,0.557889950439752,0.11089917518629,-1.23431236112566,-1.41466965383423,-1.31423196601564,-0.887955108871352,0.3744720322149,0.734313186945481,1.0139342194448,0.529084120804499,-0.977854424780423,-1.29228679504977,-1.07120053332018,-0.402467843663323,-0.265788321250056,-0.308369097031919,-0.544297621188815,0.219325291248307,-0.433228424804155,-1.80511101307581,-2.13750625320688,-0.227218120935957,-0.206772178261914,-0.998713213945626,-0.438112137478549,-0.746848353754267,-0.891723975783215,-0.349517776586069,-1.01396201164521,-2.2820104470261,-1.4941050572917,-0.223610686583313,-0.558521513627462,-0.783762770986187,-0.16248818382176,-0.0663284977444674,-0.5778594443124,-1.429749481689,-1.87470164943026,-1.40192268414604,-1.80349607390289,-1.70675162731992,-1.91003548804148,-0.857471878283919,0.0823181556031345,-1.10492034751549,-2.27931189121268,-2.08596965951197,-1.13710276456309,-1.84417507165487,-3.25352459197703,-2.89525595055858,-1.70639722620487,-1.08356494985458,-0.675986247229096,-0.930317745053945,-1.31478585579767,-1.37733046674719,-1.83668850713582,-2.35530535812345,-2.91249053279827,-2.63251046082411,-2.66888862320028,-2.11401697391229,-2.11915018315396,-2.66516140198795,-2.39592815737593,-3.23016793690249,-3.61221893072124,-3.45590775172302,-3.7613598611651,-3.50196338407922,-3.7319280794123,-3.41383881604164,-2.54272847612384
-0.203051397853138,0.0493031630245442,0.266900519750723,0.869880890993754,0.640579403531473,-0.349202314955623,-0.123849784700913,0.210103946241484,-0.37712187746843,-1.13191168809103,-1.00413842115086,-0.504458258484876,-0.121071057770012,0.374153071905108,0.16630285713486,-0.153998210695972,-0.401552984064689,-0.176301868749513,-0.155140543049397,-0.00548951516830518,-0.303753671965577,-0.301404424768768,-0.127401390928341,0.336048606459528,0.766735729974747,0.954784679578362,0.304073739335929,-0.284995797106217,-0.238771178411133,-0.654946208376149,-0.0180880200981897,0.739271515926879,0.785710413206439,0.550569816730928,0.52481365739786,-0.0147323068397966,0.292801782017175,0.209041463206823,-0.0277350923536183,0.299316809917385,0.979417226054127,1.12214539456139,0.217804680685559,-0.0784028762661287,0.391304642858234,0.30434008508784,0.233191036521451,0.401511441842152,-0.0474516995162511,0.624276190577132,1.41805359060979,0.946349163027515,0.22507096971064,0.206912394054922,0.558869389616552,0.0225549652445937,0.0324472700122209,0.30579126041714,0.822715108900854,1.08077037631483,0.972605420163994,1.0027135063442,0.91474321714717,0.904336020593053,0.732054666377711,-0.00832883216355899,0.890081443055346,1.37161160215672,1.32003433612863,0.661021669007183,1.32507932249418,1.88299417471622,1.74014901046312,0.99902285460797,0.585299708048508,0.596402521275605,0.503530264756616,0.660103955631774,0.70740820114224,1.22509866980812,1.47805755707426,1.76634205694129,1.54393170166952,1.54323786022085,1.27247287246496,1.11604067429068,1.45590698882369,1.47851652053849,1.77562640835821,2.12527376244855,1.95717334885108,2.23666844963356,2.10638364062267,2.23738897082654,1.80164576576363,1.35943342016559
-0.0996077697824952,-0.0510628742092695,-0.226114399347665,-0.158434410648985,-0.187924771560195,0.0778711428593976,-0.0886323252669033,-0.0641491007676851,0.106516352376622,0.522073742886001,0.443347494765064,0.240051707529366,0.174731016715657,0.0973852336373728,0.0617229240282766,-0.0474239203484775,0.092902408075558,0.0730152525477106,0.167545386963645,0.115608979687988,0.0873035740450263,0.112604580639366,0.032525137593547,-0.327452135529947,-0.359805199358771,-0.346345700074065,-0.0695374989648184,0.2018360552463,0.135249861965218,0.270766756987502,0.228032935844041,-0.4192016235138,-0.468553480581511,-0.141170343519309,-0.240332521985464,-0.0477963031682509,0.00848782423357466,-0.264664250671905,-0.0754312256325179,-0.201624092667421,-0.571507391020621,-0.656585740222658,-0.101625782684479,-0.0597941303131522,-0.294869516815656,-0.0558613146388507,-0.348134895846012,-0.182834302403225,-0.144575884223787,-0.148379725900875,-0.708491498602115,-0.500653374632798,0.119721472994714,-0.210037411588228,-0.101451197257168,0.0274445685886826,-0.221477068128719,0.117242786123501,-0.427458436967876,-0.408853066327175,-0.34685352212213,-0.552060506602877,-0.648031529059795,-0.51984039379668,-0.383702340513295,0.122531096682724,-0.325601302370178,-0.678014129751435,-0.517238305151058,-0.334437906943996,-0.38708207545668,-0.905951220345108,-0.781420858392693,-0.4868156121915,-0.141576334840107,-0.126620954186634,-0.171264476283822,-0.574966475069087,-0.437464114455224,-0.333954630922192,-0.518583799035497,-0.943800081825663,-0.747691078078013,-0.678514642663479,-0.637680160106191,-0.515163552356761,-0.839275163375765,-0.692173935591512,-0.862594795089683,-1.15236101090775,-0.700638514028052,-0.91141887884086,-0.944764611231986,-0.876660723465733,-0.97965892382126,-0.640819249287605
-0.27571270249065,-0.0330544563750732,-0.154525393783427,-0.253811471277074,-0.284770358147399,-2.33058333191649e-05,0.0694653884910858,-0.117528464856698,0.0987219626346958,0.200828892751761,0.27058380164728,0.123333522534519,0.0193036350814674,-0.0955511921698211,-0.150296063793749,0.0615848585573464,0.0151639238358822,-0.0270040927063602,0.130372272900862,-0.0956048164573037,0.153394590793169,-0.0139339881963628,0.130111629416336,-0.102406278147594,-0.138077768887385,-0.217622365115896,-0.188007766286542,-0.00388226247671347,0.141998565799201,0.11622197407429,0.0437505849010893,-0.000865711878945241,-0.209743293043647,-0.157839012039983,-0.0257430208442888,0.154642451532763,0.0574506695522876,0.140694047013317,0.0558754253939004,-0.0267551385943654,-0.213005285149821,-0.357524624155751,-0.0530381803314323,0.0961374771177589,0.0587075713408536,-0.169923612469266,-0.178782083789926,-0.156804754177684,0.0307126055187205,-0.152951623583529,-0.410166949482435,0.0213234920839649,-0.129966897830986,0.068794090365301,-0.11826150776576,-0.0486890589377529,-0.0313438057571363,-0.0412916550980226,-0.180815064087269,-0.19460531979884,-0.168235733188484,-0.122932581713858,-0.257124656385439,-0.309757522076277,-0.06501802755885,0.0073051554668086,-0.286149733773851,-0.31491551616963,-0.138204926433087,-0.140712774906183,-0.22225136137148,-0.399836264667731,-0.519865853771978,-0.116673145105706,-0.333589936617061,-0.120033483127957,-0.135648857930897,-0.184709986138247,-0.283597223813003,-0.105474811062121,-0.340392273721249,-0.372107721868376,-0.344166279329229,-0.458715701104727,-0.363778823282634,-0.199897423199624,-0.565152822412589,-0.379068313243407,-0.371364294611008,-0.742141097138303,-0.420764401050517,-0.591787845374055,-0.540279144614904,-0.553130109444311,-0.508573388902803,-0.405948882307832
0.135459839986071,0.124291980800537,0.193381068453109,0.592994274560974,0.56805587690362,-0.212281262915155,-0.117906545768235,0.243065710364669,-0.382634637671667,-1.35964396616853,-1.04899623289199,-0.462567156444226,-0.138943512026319,0.536753276549699,0.119342251689068,-0.244455803948437,-0.225873513534957,-0.191738801465998,-0.178360916348501,-0.244839267952984,-0.245917370539923,-0.664983751227299,-0.241658817045902,0.65758496052823,0.740270452697897,0.823698169606014,0.390888123568178,-0.0748692544503451,-0.292891007508983,-0.894088021206406,-0.340509123911337,0.813379262385867,0.789288124167224,0.525188917284648,0.397856098614245,0.0368759333038265,0.395104408165855,0.221816290008578,0.0683232251755701,0.299298239665042,1.3653285456971,1.30839185894111,0.214594103109292,0.0433291731560107,0.480779460190957,0.336201525922012,0.478562442511398,0.448956155513331,0.20328338137729,0.772419385808673,1.34213888401908,1.00202254810594,0.0146971726882653,0.13080025298734,0.544019438199587,0.335009291740577,0.116623535726507,0.222600153853255,1.15120652343846,1.24178205100644,0.950766406210249,1.0995220242581,1.11477568885922,1.0956110177251,0.516680952268977,0.0325908179001416,0.714657864910269,1.61231944043363,1.35275166960125,0.770986152929792,1.2812683305273,1.97092873881888,1.80099207243931,1.06857230196137,0.717071165361099,0.591749566424104,0.408707280334124,0.648979081112104,0.98828558907048,1.21381903023159,1.58592653607211,1.79447638792359,1.69206929354075,1.81210238034424,1.30685634085567,1.1966962585339,1.8878325685049,1.63085739811562,2.07870039519166,2.3530236719898,1.99711840351545,2.46107372551347,2.20822198372177,2.24416757347089,2.30289529746739,1.62961766830576
-0.10492712594211,-0.0976660810727045,-0.0787946299222082,-0.303617777739068,-0.288590934144119,-0.0151847860731654,0.145561084410903,-0.233022865121632,0.155508847234364,0.685388452381574,0.658882293958269,0.263734011190957,0.131273746328856,-0.0843371335615725,-0.0604536719392838,0.0935331739866513,0.0975074558884972,0.30167858075188,-0.112858786732013,0.0847606944624683,0.000825290354002389,0.217242515393562,0.0867594684778941,-0.0823492983401735,-0.416810663004709,-0.288113442827297,-0.373918447513281,-0.0427416628588508,0.200046234136411,0.205061390397853,0.419121958052089,-0.233685581917358,-0.317029834258824,-0.207847523082815,-0.261111399940203,-0.0867217594203182,-0.0689418069813245,-0.284937160151934,-0.0745127443190066,0.107203999597129,-0.492780801567063,-0.41807975759712,-0.248675053500284,-0.0941730867451226,-0.265317507114064,-0.238069446014417,-0.208374597827463,-0.309115916885041,0.0231789904532315,-0.3915494344979,-0.692375878456073,-0.624378514194127,0.059101929659,-0.155521446519197,-0.31555777231363,-0.0385412306257255,-0.00237912900300281,-0.0468400703787778,-0.502537173644565,-0.751336199821737,-0.395604384243946,-0.599938736831383,-0.425761177046416,-0.651243663520407,-0.228937295423552,0.0814916110221857,-0.444847693719803,-0.696098266216249,-0.637668740519331,-0.494556072674561,-0.851165231433709,-1.02073351145261,-0.771497337251817,-0.551931584927708,-0.288747586232047,0.0164302930241176,-0.295157712350233,-0.347102497406735,-0.533526622815897,-0.705461310469203,-0.826130609336187,-0.960482287346573,-1.02357690633621,-0.97737826773582,-0.69857646627409,-0.809942037929933,-0.881468758497095,-0.914637313915086,-1.06995870207559,-1.11942142526433,-1.03766765857211,-1.27347301753271,-0.928631644013851,-1.19771514596753,-0.956340911006964,-0.933189078402947
-0.00683783529145641,-0.0407408936698201,-0.224024084704285,-0.551013828075247,-0.435074448836137,0.0514043514351966,0.0174983428890235,-0.0854754399993266,0.353137967143278,0.78041242163751,0.901268770303556,0.388130573772959,-0.115983229736284,-0.0275808324649216,0.106862123682841,0.111743135538845,0.157808928984231,0.233088656506337,0.0463564288805281,0.0472504106722091,0.269250808149493,0.382788224731203,0.123423809062268,-0.53980703204584,-0.507493623238834,-0.640058811530926,-0.393340500351162,0.188180832365145,0.287061715878614,0.451312102283413,0.180789412956981,-0.488126012907679,-0.710305456771786,-0.474968220421136,-0.199243631757451,0.00830674621506544,-0.078723145782762,-0.251907149209725,-0.0668165301380576,-0.164366783086998,-0.860019264454301,-0.806097558537399,-0.209861901743393,-0.00980656708212147,-0.309823757868712,-0.177978239982991,-0.239528018687531,-0.246103417110537,-0.1139491671552,-0.61108069620896,-0.835073454418733,-0.510924019776917,-0.0956952115243569,-0.198206969488202,-0.511083880610019,0.133810615567892,-0.0395200531274285,-0.259852245269421,-0.713749117964321,-0.809566307054422,-0.6397112295237,-0.806121531362557,-0.702876465805484,-0.637017729594565,-0.51326869097158,-0.00542202536349229,-0.663501537264411,-1.23763853822121,-1.12325672461971,-0.453262463139084,-0.838173946120997,-1.41844430806205,-1.27181309291434,-0.700042414112604,-0.54767556192145,-0.201960189814324,-0.295012835203236,-0.58504681083208,-0.628655567526949,-0.81723610481176,-1.2638704965257,-1.30588793562663,-1.14909708157676,-1.26085323761337,-0.816936015494555,-0.869656302934708,-1.14067662873476,-1.06680737283095,-1.54855167731303,-1.56443599451368,-1.42612959129044,-1.70768236138416,-1.62603149744875,-1.68771433924502,-1.47805471099201,-1.24079274369012
-0.0587746738020922,0.154665598122063,0.447475686340584,1.02575800532111,1.03531774733474,-0.269583203203354,-0.37868175087637,0.607082946757021,-0.544266293012142,-1.74965115789584,-1.51448922868257,-0.597423331766969,-0.28499642501329,0.254179044044493,0.192415080473884,-0.239495806519977,-0.306023739429232,-0.541903046106456,-0.362398350777931,-0.223267248879581,-0.5571568883969,-0.644443696625184,-0.200423323885463,0.951780127479648,1.36027972041992,1.12256479635495,0.605210140056416,-0.141393647331168,-0.507261119280664,-1.04508978630195,-0.292797938689479,1.18020724082984,1.29712160513781,0.777127036331179,0.547276824463068,0.1079842718784,0.392855463612651,0.456997157244444,-0.107557155696634,0.421647000160461,1.62050358535148,1.9341323324951,0.232799173194101,0.180548644852123,0.624944029321559,0.53300052103669,0.547955587286829,0.569961981225017,0.0694983023847473,0.9034193580716,1.80299787340328,1.38387932647921,0.503524310653291,0.10098695029591,0.753536218738722,-0.000366266251667555,0.106012174327843,0.415261776900313,1.42518248085907,1.52424747055742,1.32121570884934,1.4973547324708,1.50605135537532,1.55215112169597,0.912652369887227,0.0160106349995805,1.16045679285472,2.07664446638931,1.8380543686482,1.14169156409558,1.75447127136049,2.90698909652652,2.77021772967883,1.67300039673444,0.878573444106943,0.933510941478852,0.662773080766105,1.24760894282019,1.3210132899428,1.66252443192061,2.08089110282413,2.602615322709,2.48041486761311,2.49708701512405,1.77283517981623,1.82273290038016,2.4377508659426,2.14693414816094,2.82303646276241,3.27372650076,3.14835940296128,3.6489207659519,3.23069305961343,3.30436178903627,3.1588790069495,2.40135611522249
-0.0907560994987239,0.187933646097474,-0.130401342891492,0.0581506322973954,0.175093703062375,-0.0614821357242627,-0.0952446828317526,0.0437893381813924,0.0365691196579038,-0.252760511308592,-0.136574985016611,-0.214973678595095,-0.165424671252452,0.0576419953627485,-0.0529454280325613,-0.218503670420098,-0.131235885828395,-0.22263710318882,0.0716660479315674,-0.0897717442208232,-0.230343494659054,-0.0143420361402547,-0.0305934666319798,-0.0278846404967073,0.147717740210481,0.193234569864629,0.052604163915728,-0.0339367501941711,0.0940239692390884,-0.197159138486017,-0.113922708716522,0.131367658772266,0.18769869114547,-0.0436233636735827,0.195745717166881,0.0813874629838518,0.0489085431977639,-0.0590861958010381,0.0726177402331549,-0.111227160620274,0.405219345617078,0.214203835527346,0.167711620416285,0.224058056025995,0.140045917397313,0.18002209828661,0.0824002694562225,0.0823017490533895,0.0271498005060658,0.139349705404034,0.270488715716574,0.0613620801128216,0.103916243011407,0.0175493129148549,0.25943466836363,0.161869544526604,0.0331023243854794,0.15193160788422,0.0263178078839622,0.202805184813783,0.107942539629917,0.29040054907939,0.265088510495278,0.335618063088947,0.0522237465422262,-0.0565464418466945,0.0785354501099041,0.220757249672612,0.130696064706206,-0.0396037589860196,0.204700693971931,0.378573150114486,0.338975126109888,0.246537959273133,0.321947513589671,0.106253995267233,-0.0512798185860912,0.314605767571,0.147847189619962,0.159407458148999,0.240518427398054,0.418798649876168,0.37185497787412,0.338747730070128,0.310115674962693,0.255932941143811,0.330783499466378,0.183762489922022,0.561181412118872,0.247533445170875,0.470113227372601,0.521483811442346,0.389556094469936,0.508622213507245,0.454499278558219,0.256043710563783
-0.0251243985031845,0.339776821654807,0.531805678086379,1.05273384345972,0.979776868719057,-0.0774503949526517,-0.35154974018127,0.374156230759464,-0.355444732014153,-1.70578194248027,-1.40124489281342,-0.715670330089859,-0.325775874572625,0.15990400846163,0.194530461492126,-0.222224285999929,-0.22146426292738,-0.208342779508885,-0.291711724903074,-0.218106858814139,-0.507683484051773,-0.529819710108996,-0.23269073089681,0.944686437955047,1.34805268057135,1.12104432534696,0.47529051165931,-0.127492177483637,-0.523931356854195,-0.924659469332905,-0.348479490575082,0.896765419827255,1.04741350842027,0.767619493697411,0.516391900113148,0.120763734332921,0.214077484663877,0.54871647908807,0.0618969282723896,0.324310394265311,1.6819208791144,1.54194679981296,0.324512176861417,0.0444613268140589,0.714365102417373,0.530883885089447,0.720100650509813,0.768094338331305,-0.0105104689284711,1.04253261708269,1.81745238653052,1.34342013411488,0.204444042885248,0.266872880200228,0.822949064129147,0.00229888052956554,-0.011991960781503,0.381764944686424,1.50996358611468,1.57723322916237,1.38884234077098,1.34292887326118,1.5948263811927,1.49982435511115,0.897533532325964,-0.196918968380022,1.0309693976963,1.95981440393247,1.86439733317862,1.01408904805757,1.86842555129693,2.85415717133467,2.55322705996098,1.53651439836107,0.969684430382809,0.668330130724322,0.593357884958604,1.12964237888554,1.15860607376609,1.52198168375392,2.10482249299492,2.52436963535196,2.35150419895845,2.45336312722617,1.72809322175717,1.83927701127491,2.14668361028329,2.25471711402989,2.68308372892861,3.24099118763851,2.97160330903765,3.13799616488817,3.1538812061674,3.28219456325162,2.83240491091042,2.35222064407204
-0.192459311191577,-0.204192112574783,-0.704637932895527,-1.44179587473776,-1.25393136817595,0.134379933877932,0.231103391916447,-0.563159272709155,0.316104903265067,2.19456095904097,1.84706636236111,0.814727164723632,0.135178136964108,-0.360944901305365,-0.272571879672399,0.608762492435919,0.422473368358538,0.217784521824103,0.441351811609998,0.254986076331625,0.696834295002492,0.752554699719097,0.281118684637727,-1.25501146260442,-1.69209235958728,-1.564412742026,-0.854830366714889,0.139577878005534,0.83385996465396,1.34961141798836,0.684854422502503,-1.24241647770851,-1.59019943663296,-0.853410648521199,-0.519732545024193,-0.0841901250577329,-0.410556030032388,-0.641749687265264,0.101589718815747,-0.578025115597715,-1.99535453992684,-2.1115163584504,-0.423708284083435,-0.0117307316371344,-0.854133867365766,-0.352803039790503,-0.960763147781219,-0.902049632964572,-0.249354279756607,-1.24644809779081,-2.51473731980218,-1.62615792062082,-0.177900947728928,-0.378750637937086,-0.945509369259923,0.00970338631452884,-0.124341644072443,-0.622631016194426,-1.84794921995613,-2.03307163206553,-1.68481716069492,-1.65908662751694,-1.84492124773442,-1.97586692445352,-1.20642366064093,-0.0392954842314697,-1.29767579479246,-2.79591019216474,-2.3534964748577,-1.15510332491275,-2.21538094910939,-3.83760371812198,-3.2028845683519,-2.0106771078297,-1.25657402311733,-1.05292629665615,-1.00012323720517,-1.76205381115435,-1.72711124059353,-2.20473856186274,-2.88551585767615,-3.34200916566854,-3.03127538290234,-3.00731574264826,-2.27789593177388,-2.35772386489727,-2.90622171179578,-3.00305228682976,-3.65388509307499,-4.3905127921014,-3.94168151558188,-4.10074541259525,-4.11423955610886,-4.09209873184646,-3.907487870864,-2.94358829118561
0.0320693985140363,-0.0291678866889287,-0.131502700231077,-0.666768007654175,-0.622779824807769,0.1906529316461,0.248743465233179,-0.289908227580203,0.163166787821371,1.28320994281984,0.883684490001733,0.363979791488434,0.162701314182444,-0.29221802705057,-0.0794213201208311,0.0149404099539242,0.0233867573072604,0.252975208931926,0.112731139740397,0.0651842720597381,0.341242051345633,0.317358727116092,0.25110105090924,-0.373571600281473,-0.665645764265888,-0.721302381425191,-0.465628379207003,0.0938502676499119,0.253450107385942,0.660739747933666,0.229684594661766,-0.726149883377376,-0.774915466693185,-0.456874112324637,-0.232118085659553,0.118574924076616,-0.102155903494376,-0.296616762488499,-0.0672455199209386,-0.243105494283927,-1.02631895530224,-0.969422631452644,-0.340374591943711,-0.0661415079084371,-0.583565343605279,-0.285449069220324,-0.281330078571297,-0.4232805939951,-0.0966968867482051,-0.510918038381332,-1.35087458448435,-0.848086346088968,-0.123794388214651,-0.0691039919074025,-0.56610767340673,0.0150260686652512,-0.111592734030004,-0.42064926251907,-0.962282680830984,-0.960884319645968,-0.779718836661638,-0.845498035217695,-0.851462865801218,-1.04349473879283,-0.40839445304761,-0.0160893074436953,-0.766400858377067,-1.35040486326032,-0.97226211431162,-0.565700175828162,-1.08350348293597,-1.85473923344731,-1.57196350705027,-0.865636995240744,-0.592141867540637,-0.62683434329832,-0.512951007382553,-0.869371712101781,-0.721542870603368,-1.07558684376505,-1.30310025339888,-1.5330432483306,-1.4348203101654,-1.58451179762563,-1.10405359614157,-1.11287583662063,-1.46965560321301,-1.32968496520328,-1.79663910802083,-1.93683254733599,-1.83497681780372,-2.03960986044627,-1.9188036055934,-1.93468708249919,-1.95017040181233,-1.54162877908613
0.267821388554121,-0.0848332189971284,-0.173449355481629,-0.701005194583583,-0.674103214026078,0.144055853923751,0.0983304302975743,-0.282108451789333,0.0481237653385495,1.09020925991939,0.929816283913604,0.417405709979443,-0.0203215260150919,-0.323935140594327,-0.269868346934328,0.190624569365094,0.270793157713484,0.286775476388606,0.22208199453106,0.135232617049625,0.344388630382607,0.372318250219653,0.111991083817587,-0.582559187655451,-0.948994224064762,-0.695992481636267,-0.388077094608653,0.297754402628198,0.357914514825663,0.669102118677382,0.212585374165435,-0.565785532071954,-0.849094029506494,-0.345700908262526,-0.0470200990846896,0.0373456966610661,-0.251147744550961,-0.339768250894921,0.00360065001426933,-0.357675725276947,-1.15949900684454,-1.11879856187414,-0.269922064601777,-0.263436247903302,-0.418754540135601,-0.266553760177693,-0.503370363664576,-0.407591530877599,-0.366451825777952,-0.639679565089461,-1.23210153005134,-1.02995172313628,-0.143264980518283,-0.151133273801234,-0.776627136763456,-0.100517149929354,-0.0812336977325758,-0.281738632817732,-0.855442992620466,-1.08722341082162,-0.780195239013298,-0.946586171572504,-1.16938260199669,-0.889626544992567,-0.604920252595594,0.0607670929377801,-0.665367502761311,-1.42645430728122,-1.28815632906199,-0.717827382434066,-0.990460243279689,-1.89053304903329,-1.71373023807984,-1.06471032706415,-0.560764094355723,-0.675814942644875,-0.40443196262245,-0.646843091215865,-0.801909460222562,-0.845928214132442,-1.32712951439918,-1.75959758666194,-1.66558742815361,-1.70236987168641,-1.04914354864437,-1.00279811503653,-1.67190289991445,-1.43746264630481,-1.6909624531517,-2.21056294449681,-1.91735626822355,-2.24255107904833,-2.0620769253857,-2.15383789824682,-2.04598605469061,-1.54507569806396
0.00258447261816731,0.0226120941637343,0.00748839099546146,-0.039407199515515,0.182312561184216,-0.0919301896815526,-0.0682496281023406,0.105959941068042,-0.146935933686417,-0.0544641834037764,-0.0204953883779972,-0.104203561334487,-0.121497472833978,0.123872191619208,0.151043754907746,-0.00155228952934049,0.0771484129616524,-0.0213283378864441,0.0482340428610701,0.227234296787783,-0.00290630066181904,-0.19463994612354,0.0200798129232134,0.140773067594228,0.149409865922001,0.0923707433067884,0.144481621365662,-0.0893032912458114,-0.0182315411168445,-0.0391040883588099,-0.0356348451945665,0.178217246482426,0.133504917197517,0.00127726864876883,0.0610426700258412,-0.0908325159875152,0.137943149221518,-0.0466173232954818,0.112674432643818,0.161691877598598,0.0954997605765448,0.0982567794962166,0.12178532666289,0.0631764210272602,-0.13045136350205,0.0592609144405803,0.0902766581270932,-0.13430984711756,0.0754433819981764,0.122560313722035,0.166405494502436,0.176308727386717,0.156379963721685,-0.062628115675204,0.00353430390904908,0.0191523296333539,0.0779006880325941,-0.0157711255187014,0.185978913049702,0.103278262275795,0.142630006698855,0.118801178767969,-0.183242414654418,-0.09590196742797,0.18205057205879,-0.0201842444687313,0.136321250846229,0.139341214618755,0.0779795846732992,-0.139642275029522,0.243417503071367,0.167513384084705,0.0090576977961552,0.224004045442712,0.00804416180308826,0.204404011977778,0.139882714418014,0.0193796488257287,0.0646890720796694,0.152752829080569,0.450653948539596,0.255755252963479,0.0174929823853888,0.0789195824999494,0.166530137187556,0.123334140601948,0.0656275748177542,0.0685289167446471,0.359005897846166,0.284360356347235,0.211104256008082,0.149591548510695,0.18073010341227,0.304906797216604,0.0649884572344941,0.451524861083747
0.125399763899098,-0.0125875195956802,-0.154886966704645,-0.392134008312314,-0.217718081120722,0.0720701751225992,-0.0900907131755711,0.0511866957943491,-0.0718817592620896,0.368024803933774,0.424648005798093,0.268292911509943,0.119729209654465,-0.0174933247729554,0.0190463884526472,0.0994899590143652,0.0423594981138073,-0.00853301487299464,0.107958602563824,0.142509894127072,0.368824156571724,0.194209791645468,-0.0870548414585438,-0.214153193914386,-0.27818175979706,-0.322552091434347,-0.129734655212607,0.102617582783706,0.114076980639163,0.340161160906609,0.201621442761998,-0.274406123997307,-0.407994205982181,-0.24580626292416,-0.0508951828588427,-0.00594067575885026,-0.214983372633782,-0.245105999619371,0.0223587599268543,-0.232989468160734,-0.470843161041604,-0.323043088335019,-0.162333929414415,-0.0756650560448467,-0.17414178907127,-0.354631517102133,-0.137121471829357,-0.294938955869908,-0.12629261285481,-0.397079191944181,-0.393014873430684,-0.466096568850394,-0.212145599118978,-0.0703133712721572,-0.210805716642004,0.0635259304677265,-0.0790775165497813,-0.0778229317979094,-0.452152868502112,-0.543104169486916,-0.267865330762401,-0.195247266555948,-0.368327632640777,-0.503246297403888,-0.174136689023872,0.033727169499814,-0.270086368840338,-0.534665292564291,-0.449522489081258,-0.265797719971795,-0.510073968396688,-0.773576892769814,-0.745437282445672,-0.459031761677716,-0.261948418359215,-0.320365996725138,-0.0920232237921048,-0.373150535640439,-0.454999717186564,-0.422778471846367,-0.653713907119954,-0.988383618121492,-0.629436349630617,-0.487554380483289,-0.568949694208341,-0.209856194666955,-0.64406715414377,-0.636888975105111,-0.862561351920772,-0.8550107396532,-0.915518143382106,-0.990166780543962,-0.760487737555848,-0.750160591054149,-0.913421456911212,-0.851001252656661
-0.0703050369717579,0.145052177065119,0.265997454649513,0.726431428868437,0.622336308841818,-0.132238177241074,-0.177594162334791,0.314160429651018,-0.170797624594176,-1.00073703624526,-0.893749186296049,-0.441050319772137,-0.0618451907960935,0.181791279348534,0.0833037176110628,-0.19523841618647,-0.228454297069496,-0.192655051020725,-0.20151108564964,0.0600623395093976,-0.126059940252515,-0.287708416278728,-0.115846587866093,0.543605065001416,0.424932374732369,0.764672299802723,0.291041353761834,-0.0628606446494089,-0.508308846343046,-0.60363330172013,-0.179263696274242,0.480981566522993,0.657023497951135,0.419643474827888,0.111746105426917,-0.034907494957689,0.283331860862918,0.267751739727701,0.0852470496136433,0.322597657542959,0.826218832376258,0.849086494263265,0.382770567743855,0.151219116033118,0.381883803877852,0.297258499466637,0.28797345752443,0.313378885381298,0.139695273806151,0.399773659252449,1.06456093606052,0.908586220399416,0.152738604383299,0.253769036100981,0.474701487682926,0.148144352324631,0.0513719719219198,0.385678640859519,0.865112569441609,1.02057506371281,0.550620981064138,0.813958689472049,0.927591101911792,0.884052587547435,0.520837463392195,-0.151476285635478,0.637996735959576,1.25292347289004,0.963523015865887,0.620486657479785,1.0588536807998,1.6085756149216,1.33461439968156,0.874638149218181,0.33824384527441,0.386874841196014,0.44959526946557,0.886586116277165,0.635171466257811,1.00674347495825,0.93031917453953,1.65544049719427,1.28246625515869,1.1643614321889,0.960715621825387,1.06037599516842,1.24694792453685,1.14844012632305,1.4699484389104,1.94098587153634,1.73962620365396,1.86149587692496,1.77844550526965,1.82459207952471,1.80620534039658,1.26095149899287
0.134709119948027,-0.246648242735087,-0.70302534079509,-1.48803938491081,-1.21081089845756,0.288414731320142,0.351445609515737,-0.379327428529161,0.273791820491838,2.187639490937,2.00146336286034,0.941457529145483,0.408349462696026,-0.405150996121841,-0.201612486598916,0.455227946485755,0.570644966302964,0.525231048250605,0.275570822365043,0.347640885061025,0.320747979819449,0.999169414305163,0.396011975526891,-1.43947713520082,-1.63548289641593,-1.63403620531598,-1.09750301120092,0.283969828370689,0.730922761691094,1.27242336354434,0.452331301147449,-1.3878944215007,-1.69147842126541,-1.10044877365703,-0.672081640356497,-0.163550755601826,-0.560023754967141,-0.656835404175111,-0.0916401669430394,-0.576763002994029,-2.10560944164389,-2.32550624157652,-0.405069169454623,-0.0674191543187145,-1.03585767546723,-0.479990659143612,-0.887878880928102,-0.890730855789989,-0.165070487897196,-1.38647588492762,-2.4705264739655,-1.8112092433096,-0.309538699057794,-0.350817707270874,-1.1387045741585,0.178080566789397,-0.203749632462387,-0.633366167154017,-2.13668838765626,-1.96357255241841,-1.76292146032604,-2.03916117696523,-2.04205072136498,-1.76065832489943,-1.06837005558426,0.107059579299221,-1.4946039405449,-2.69177116270119,-2.62050707854882,-1.37764797436774,-2.75906220526159,-4.1251510898997,-3.40478896515191,-2.18389311648041,-1.05176850045005,-1.11788447067859,-0.871815004318264,-1.50208780475727,-1.79867417668213,-2.27035436698617,-2.84559611933669,-3.39638936478246,-3.2376891066591,-3.36423493199743,-2.52321380299703,-2.47348904150552,-3.05866418721827,-3.27305495012264,-3.93188761930969,-4.59194711454308,-3.98750455347059,-4.73861343445745,-4.21806309610561,-4.69160153657131,-3.99419520552514,-3.07626435678331
0.0849467746247257,-0.14080347110826,-0.269557346752844,-0.593792270806366,-0.447677228193245,-0.0459384620160085,0.0819938140156755,-0.207192307555845,0.218336777811837,0.885771384394922,0.68020970701348,0.340341822030401,0.12574572925034,0.0408751652126891,-0.0963926223800346,0.164330706553702,0.0267676395176513,0.0168802718109165,0.323108117217689,0.088854060102464,0.262217637978083,0.360868517361932,0.102758428669177,-0.548154252142323,-0.673447198225598,-0.621203148092509,-0.29347354775203,-0.0358907016721565,0.226034276571146,0.565950718317896,0.310828332396999,-0.577643145856209,-0.60353112117152,-0.497865173582654,-0.151871634058507,-0.0938672302409229,-0.221398146717543,-0.352612937910196,0.152786614262359,-0.109479928050343,-0.793661863610584,-0.851862531353296,-0.283598171035624,-0.080017033371694,-0.38386252222909,-0.124365654301957,-0.465350788633475,-0.350335964386333,0.00118746112857462,-0.295884504198386,-1.02315864346035,-0.714971432444034,-0.202026705066031,-0.113410443153905,-0.604498973135661,-0.228599097400789,-0.269647067721712,-0.218862448873163,-0.79897594323247,-0.854652338909865,-0.775330441073853,-0.786328999372149,-0.897685920922259,-0.739752084475876,-0.481980268775312,-0.071161614495005,-0.513594649894744,-1.22555543458118,-0.769330343129295,-0.680707592843919,-0.931036112632634,-1.49488391085039,-1.22710638135381,-0.753519206589519,-0.579504714826775,-0.487899919339209,-0.153156829835346,-0.721327803914554,-0.701227726625356,-0.854513049685416,-1.10825306939027,-1.31281267051668,-1.13257223625289,-1.14461117456034,-0.999054760394179,-0.807866172418728,-1.40145137368481,-1.13100030781869,-1.60201025480758,-1.63861063634573,-1.47373262378161,-1.6578051719575,-1.68446907740442,-1.88033896520205,-1.34571224197128,-1.34647861225388
-0.0744639854660059,-0.250456767194991,-0.349635117484945,-0.479317290796201,-0.589502806535613,0.282748969816951,0.180952382763578,-0.137541538826055,0.218164087610474,0.821038261483399,0.759640694827379,0.415719061935038,0.208659588856078,-0.203346492791717,-0.180371688891053,0.236138114206325,0.259874466526802,0.285065016702822,0.289882263947508,-0.0286592203225477,0.201186601440128,0.371611945718545,0.166943159246184,-0.44186020842858,-0.381232223701608,-0.441364273157922,-0.362959171455896,-0.000917491494462089,0.409923689305493,0.508927876083567,0.385933378602654,-0.658658795732137,-0.534308926736042,-0.598747916586899,-0.357079828242407,-0.112971496918953,-0.192052302442064,-0.240414865346602,-0.0231273767701557,-0.259948280227879,-0.74368720300564,-0.939822559071645,-0.269802133859004,-0.120412467600865,-0.331467851298742,-0.143856589335296,-0.173848060681796,-0.427603829037395,-0.17463087968775,-0.445240050409751,-0.694719966879883,-0.672855366742683,-0.0542091478723824,-0.213611175206576,-0.472032662929125,-0.0596640806405501,0.027998752647528,-0.358845297702181,-0.977043698420931,-0.655020190563978,-0.61344286186962,-0.64116455770793,-0.776606931823691,-0.780158051619643,-0.554410909814323,0.0349368534728543,-0.540565239684975,-0.950118747389978,-0.932877853883646,-0.380311127135426,-0.739571685698151,-1.26228824759823,-1.19452573913062,-0.9639647059831,-0.396927842076871,-0.433049384657634,-0.37224045312983,-0.733306636738398,-0.659806794605887,-0.656329183200924,-0.887345870797808,-1.21203741583702,-1.17793346802418,-1.12788003363221,-0.90227237006201,-0.868847004862604,-1.09743703159609,-1.08874617698361,-1.35867599482074,-1.57906878141433,-1.5247612022759,-1.5891744584384,-1.60591825086092,-1.53113897855352,-1.45710361452968,-1.11926760874892
0.0314445372692231,-0.163297841796547,-0.149162741811326,0.0451031847582367,-0.0318586398407928,0.00665290537527165,-0.113360121142762,0.061075030952921,0.0126413008813147,0.19761426737621,0.0634808014144418,0.0354175664264817,-0.0848613851083579,-0.0400446742859025,-0.0126399222190723,0.0883117729444061,-0.127690583247607,0.0166037324412487,-0.0909812459811321,0.110886528942382,0.0666537485604188,-0.0978717268524243,0.0862260153119705,-0.213199766679782,-0.0871787938390589,-0.159088645853151,0.0827352281950847,-0.0181397838053631,-0.0655832269619602,0.0832056735054306,0.13158738159009,0.103214569509929,0.00961130975360652,-0.192129604078553,-0.14984742508822,-0.112062770530368,-0.0689251034280535,-0.0876377958273785,-0.144661111720828,-0.0178415468169871,-0.250938421863967,-0.151750740684539,0.0819265159788374,-0.037521581079895,-0.137181421419575,-0.212389395798004,-0.0706483918301952,-0.18412688283966,-0.0336979122606598,-0.00394294062310886,-0.134611003622074,-0.0765470294203921,-0.193332886636502,0.0274497905248239,-0.127523928244275,0.127265088468877,0.0562570545798149,0.00153754540105465,-0.112926409081456,0.0419459968052637,-0.0098592026972283,-0.0245550534240365,-0.112951346500324,-0.046232352013623,-0.201506110248964,0.166211544403216,-0.16744549393172,-0.153518680903122,-0.0727768241897687,-0.147336602475922,-0.376458020494475,-0.120381247183086,-0.185135926239366,-0.0555698335540011,-0.0789547764145783,0.040063067768115,0.00615468349537942,-0.245464105517052,-0.126319091104873,-0.192112036668514,-0.216300704107047,-0.215126853269016,-0.0944299002228383,-0.023644809980484,-0.149964775749873,-0.20883135865196,-0.10093287914636,-0.255798240942138,-0.117999047569818,-0.0937740707448005,-0.0947046492783818,-0.207488338507794,-0.0322146956950103,-0.130150455308225,-0.149514924648573,-0.101762181667821
-0.0138406581374066,0.173423171426008,0.0836859397896625,0.351960614272212,0.655516435659361,0.0560726658817195,-0.0366743183143117,0.0725069403202102,-0.150777842526658,-0.476426762865006,-0.406349512509094,-0.17826753035041,-0.0102850212763782,0.227465553797468,-0.0628978952016652,-0.281185787936688,-0.239987480791706,-0.201253932819964,-0.126700480622835,0.0334553219088032,-0.191542892532617,-0.116646224651078,0.0947659191549045,0.317319202888037,0.557348299657594,0.413497632321488,0.243423159772863,-0.26804541026317,-0.22263450792111,-0.344218779918588,-0.0308196557979481,0.245312714475092,0.450205146947084,0.250408727536744,0.22261796241737,0.0738243539180796,-0.00677354125354841,0.0556173580472561,0.0599157494460271,-0.00134660910326434,0.462472381119438,0.46193578500372,0.134385386280526,0.0727140784153042,0.278034969784421,0.0895623336845806,0.440810091850353,0.365599503478671,-0.0115220125439094,0.24767481227996,0.689022581446329,0.449889215467951,-0.0516904887175838,0.0993814104070511,0.16811350273699,0.135792606356135,0.13482628377737,0.0862056101427668,0.568805478246989,0.571409749686868,0.407937168963119,0.649991037515345,0.598392482468812,0.349875613977525,0.27514155311466,-0.00407033571796042,0.312816316557853,0.779356465300285,0.483969715846155,0.403032441277299,0.663006610081827,0.878920346816686,0.758071049413737,0.630089767565727,0.141311050822849,0.320495624697054,0.151777915172857,0.453939784339878,0.536956436675259,0.644959545825871,0.633372444007078,0.924046085822456,0.753166335170702,0.872835142900807,0.521909166454309,0.64210889957504,0.831886164198245,0.733205113388977,0.723413960204723,1.17345717389104,1.16483466516274,1.05479191269149,1.15094482720453,1.28464280605119,0.862058371238803,0.618278810614246
0.00401534310306013,0.139569744430379,0.844372294442458,1.65396884466354,1.44322518729132,-0.35670966108744,-0.484959154728644,0.577295406213946,-0.535815843210272,-2.29097766784431,-2.35893083682163,-1.11168615008131,-0.0824148985377924,0.454171377178203,0.390991509041501,-0.404673646100486,-0.598922694694168,-0.294199410284719,-0.442666600527521,-0.282522566013688,-0.668184988195149,-1.02262041757406,-0.453711060364212,1.31801638714535,1.88470170830284,1.78926381415728,0.942472004253257,-0.00098426234954696,-0.617220376548065,-1.70855914221537,-0.625228920760972,1.5057093021336,1.59328053270456,1.19309431263751,0.545623259018655,0.060565470168421,0.346880919577876,0.646737870417525,0.0130176176805177,0.766495482899241,2.46331213697766,2.39821109429353,0.582816679469263,0.086089516850046,1.12249622888897,0.612586611026319,1.00105208770909,1.11742080742956,0.298314233368062,1.32346631313873,2.69621749159142,2.18323752404091,0.381755494853827,0.464558986640893,1.12537995376401,-0.135850534658602,0.149128081701739,0.854888165432499,2.18844561936141,2.51157455484485,1.92270548260603,2.41588451189871,2.27933755286443,2.26967195563303,1.29261649812143,-0.0602134028707117,1.74209537946938,2.87060433512022,2.79915933984969,1.65236949798196,2.85194270652927,4.3535208371031,3.6691530655095,2.43040685431263,1.17897134268481,1.19385564666218,1.08658800203481,1.76451283693835,2.02813958271517,2.38925997684203,3.1431341353955,3.79876202622937,3.39988182062543,3.57133133433371,2.70666195893815,2.69373440638255,3.39014026958973,3.42930330884777,4.26115762739092,4.91699599310802,4.43618684810209,5.13950901950137,4.77112781949868,5.03392217837767,4.50054760748208,3.44631089494082
-0.107329553025048,-0.224040129767953,-0.117619469432423,-0.527937273822539,-0.438189790516399,0.198771363519107,0.199901388310646,-0.212623631829003,0.27855846054877,0.58953309723534,0.469691733930165,0.409850712344649,-0.0134070638803584,-0.116840114699014,-0.0668019446725167,0.0579761471382422,0.197480174327106,-0.00934305243399675,0.117147507865001,-0.0807852837245761,0.0627203594488476,0.517566184008,0.194554387584237,-0.558146602493093,-0.445430153249447,-0.471375981452739,-0.288783706586754,0.0192292363265314,0.221840144824168,0.681565150243492,0.0575617273172826,-0.368944714261049,-0.612259295328041,-0.313528925966304,-0.0727528973948345,0.145588456150749,-0.14827319884635,-0.222016143848533,0.0709550708025509,0.00725088602787183,-0.768146782754449,-0.910093056234211,-0.378056094221415,-0.0247373429967016,-0.253523300989502,-0.204066811903831,-0.227076618591839,-0.123544833225014,-0.0843490323727923,-0.25678613907422,-0.840028115277642,-0.730908368150031,-0.160727110608513,-0.228155111848801,-0.345588974780318,0.0018349136457678,0.0634592518404923,-0.319378482251635,-0.774703175967823,-0.779073471899159,-0.633284814312873,-0.69401768986275,-0.566749659859559,-0.78087945257581,-0.356558363725591,0.0628001253546476,-0.587902150307293,-0.933470362563634,-1.06302445470277,-0.426036897107505,-0.779265435733951,-1.39059787922192,-1.28967922878602,-0.757249768967647,-0.410157427809841,-0.315900228727235,-0.421414504948864,-0.505010502532262,-0.396005474565622,-0.559678036244788,-0.822933024321929,-1.03248128427748,-0.877022633926051,-0.805629986762841,-0.8869355370221,-0.78770986488726,-1.10243637625634,-1.01191095295219,-1.21380047174358,-1.40422545487823,-1.4511382618729,-1.26181920404938,-1.55848820936372,-1.47475606023519,-1.41665603389308,-1.05540040795163
0.298330073834493,-0.0155872091971986,-0.268342069770515,-0.469481722227584,-0.428652981977381,0.101514700123435,0.172165423435563,-0.187201824822965,0.200211067297101,0.701400834306393,0.879436364088379,0.186410397965993,0.0230820665119377,-0.207147636239139,-0.00786985590755436,0.139875725558489,0.0409061584483398,0.025016787839375,0.0785162923479522,0.0391324885500692,0.102858771052496,0.197258272346315,-0.0155244259774998,-0.482125312443187,-0.66587105587238,-0.362877120297578,-0.255806110519043,0.0314375742359541,0.347603115567778,0.442070517481862,0.220615382997518,-0.404883483837688,-0.485533873786566,-0.131756005238323,-0.124398702439454,-0.159618779886428,-0.186070047821183,-0.274889625413009,0.124455236486833,-0.335634772141453,-0.810252255799991,-0.55205607080498,-0.0580536550458214,-0.118706685159443,-0.454593201221145,-0.116095238933248,-0.377022385851038,-0.305781402522804,-0.169721703438274,-0.310644345143351,-0.837587133749128,-0.563835004098698,-0.155680235681375,-0.00184994779291786,-0.361819947309677,0.162330681579163,-0.287456486515571,-0.22661297429318,-0.399671354017213,-0.641923628495765,-0.535341154868653,-0.525156245134617,-0.628222398634634,-0.62728196080195,-0.5016098490949,0.140669806765738,-0.390450217081088,-0.921865108667451,-0.760213034546097,-0.457151695490723,-0.907748727786991,-1.19064989139282,-1.17816617846853,-0.635680562307938,-0.38758734621389,-0.431950385995335,-0.357100766743496,-0.548674261953243,-0.489097685464933,-0.676398323934278,-0.969276251587247,-1.02118555052732,-1.15955017687819,-0.813293315827178,-0.551256137635185,-0.725802437068423,-0.92152121586931,-0.898215208845943,-1.09600167694808,-1.2452856379158,-1.47608665202488,-1.45257970139452,-1.34021580720693,-1.45139164117463,-1.25453050505441,-1.02506656650852
-0.0613877798870408,0.242135477651452,0.352840345337743,0.542489823162028,0.488959055887437,-0.11929657769142,-0.229962000131488,0.211496587378076,-0.406526338485894,-1.04411710994043,-0.975538857810941,-0.298141730545873,0.021531103367742,0.161432073313475,0.219854930479704,-0.174275902087421,-0.224102321591525,-0.348282450001332,-0.321648162983674,-0.0937797821626263,-0.11721017825268,-0.305811914367057,-0.121776019480643,0.576980601266359,0.581567437265872,0.571629614628894,0.334950924823459,-0.0377321931904114,-0.153232733592164,-0.526622125368631,-0.250203684593004,0.564814357487728,0.705912402784162,0.437938521224101,0.296159822535339,0.0515249604003778,0.0216090350402134,0.323831260927791,0.0862250050785202,0.0879470080060955,0.812805735471563,1.00017163394247,0.0291105935644465,0.0764158936260355,0.259630446669963,0.167475643310488,0.523254151478977,0.316233862610241,0.180923316005235,0.525785695207053,0.896555995594294,0.723976605759823,0.0522506448585928,0.119303034415274,0.533697592090216,0.0783210656056749,0.144241082004997,0.0632260827435971,0.735723555201739,1.0870310158441,0.572878760988496,0.880683816859205,1.02503612760882,0.739031941610699,0.283345005772699,0.049343401859565,0.568223561426274,1.12183020780497,0.919035950766622,0.598224963693457,0.836408218055142,1.46624932825981,1.19956017431377,0.761175195555832,0.522861387067534,0.396246608109761,0.252050993468592,0.697265501508348,0.831860987817054,0.922134897144457,1.15396872550767,1.37887169135664,1.29236801808619,1.16879370125718,0.863871354441652,0.892180984769068,0.981217178372203,1.19626152463852,1.41023666914512,1.75252359178472,1.31511330244622,1.9018380540223,1.72304843901181,1.84531212225621,1.76483993651122,1.30425542023226
0.106648463629774,-0.0668686588450964,0.0186148309559615,-0.217472486156505,-0.176611542227967,-0.0988768710765377,0.015303871507172,0.0772193182757849,-0.0794245792225063,0.0330480288744915,0.143778979847288,0.273338077491701,0.0737924861100647,0.0337829202979239,-0.0990196500780775,-0.0477113860160916,0.0145558313758724,0.198738906418127,0.0780523690092126,0.146291379883623,0.0141730524500188,0.109097950331072,0.0230917013237219,-0.216615989936596,-0.270700527924779,-0.121713299127327,-0.100453689600599,-0.0689561800884338,0.269338578626784,0.0622714788483977,0.172787128042615,-0.0966588310955917,-0.0888410706836226,-0.166384123245217,-0.0262917786300234,0.0527472535873525,-0.0588600726377883,-0.132330382928904,0.0355329024978914,-0.0172237811464186,-0.186073254540184,-0.243433334245607,-0.0061849375433095,0.0356063916552905,-0.00640568204790558,0.0524299602573513,-0.0878334879370168,-0.117586695823271,0.103350893885914,-0.0129625410117206,-0.123835616346495,-0.21377172869257,0.0125003388772058,-0.0301301924971712,-0.0858888910627911,-0.114660489815516,0.0279211618536089,-0.14548881978501,0.0530602795885394,-0.157612579814349,-0.201379436160283,-0.182247903288091,-0.114667795874116,0.00249438128974938,-0.0779055934678305,-0.043765841390411,-0.178776647146586,-0.0283009666009046,-0.0705579300323019,-0.0359175185509874,-0.344842491124791,-0.229932114504717,-0.475350815839428,-0.366235806297756,-0.00170756712265256,-0.162203118324007,-0.058067015371668,-0.0693939887547538,-0.354988565880067,0.0433848962425588,-0.0953755756358572,-0.294042515030726,-0.171320731580555,-0.0907012281810909,-0.197024368462856,-0.0937462468123876,-0.231505102913546,-0.170785916110928,-0.329078855117515,-0.265788629549797,-0.362497092677283,-0.398129834278248,-0.412723960750323,-0.363894742752413,-0.275846513624032,-0.336276884190516
0.22947697773756,0.238348117951971,0.575660575786783,1.29320052651961,0.971213398406718,-0.456855794891372,-0.197678488905416,0.371619448022717,-0.355247401853334,-1.72914321744133,-1.60017467023344,-0.572593823916421,-0.318123602685219,0.268165151548722,0.228348612324964,-0.335568772251633,-0.250551524378903,-0.422962276961729,-0.213633494850031,-0.477648574871747,-0.246943796590829,-0.640638330980241,-0.369831588366232,1.06971126510557,1.39630140700466,1.18797677342492,0.407844805934989,-0.25191532248402,-0.558067377983541,-0.993424983876571,-0.486028690735219,0.88636824766129,1.34578791816836,0.76375042324987,0.517861689878167,0.127634470111983,0.342363454039067,0.389635359960695,0.0383237035169841,0.380368157012794,1.47053397376932,1.74530941593857,0.297263104822132,0.000620267304216382,0.567316303699955,0.484628338857635,0.731577228692655,0.779769965606541,0.0527797542817792,1.01936496027903,2.01156076997581,1.42872423556193,0.287142564702029,0.227681570567506,0.896739695974814,-0.037318385469453,0.113570529439577,0.501951265383297,1.72442947407626,1.81878071829237,1.37194108135409,1.45541825481796,1.51356286110076,1.54673614516573,0.887666202308371,-0.00496894396691945,1.25311861727942,1.92852947395979,1.93006033414175,1.28416900614693,2.03493870803334,2.75449398761676,2.43534838976871,1.69978181586192,0.919354862442595,0.577197540129158,0.578991650486241,1.07652249759143,1.3279826570174,1.42568617104626,2.14889463330131,2.70074578336231,2.43246946685055,2.57869033691401,1.73848724053013,1.92986194369407,2.42417554456944,2.29006820310681,2.91455037435722,3.25202910487703,3.00199225028869,3.67379086997762,3.09157192046521,3.62608654479078,3.08788875961108,2.39698055721849
0.123948071688584,-0.041024286530659,-0.543827016664701,-0.984091128285113,-0.836924616297855,0.270347396354409,0.278437805297298,-0.398902800118398,0.34432510680325,1.47464687376791,1.18174499345444,0.623211762003258,0.176387364262882,-0.321891103810749,-0.000975719591077395,0.342745067607644,0.236492930319672,0.294437726553792,0.326265513617162,0.0976889873976901,0.426751075357772,0.512510132637185,0.169178055904095,-0.785603970412437,-0.928815986692773,-1.1235289910251,-0.351856333804392,0.0863270711620987,0.638311534797881,0.659001291205163,0.264204297055007,-0.75913060825675,-0.941689310171028,-0.650734373368191,-0.24453467929688,-0.174272276644792,-0.34446729683698,-0.365441867661855,0.167441530800679,-0.408757827170776,-1.52001839922533,-1.38482390972804,-0.368887120940123,-0.0368469894571717,-0.738639782372062,-0.448269583820774,-0.43205202715311,-0.390391722213419,-0.0263409956062906,-1.00183563348969,-1.59472959440537,-1.20066008622354,-0.0863127676642011,-0.408480215439568,-0.497297886655332,0.166793215982773,-0.0683112058925073,-0.180979986206651,-1.4236104317621,-1.4630894914449,-1.20540885562161,-1.27910186529581,-1.31164408705857,-1.34946531099644,-0.650569966229412,-0.0862281831310299,-0.900634549972285,-1.58488487885296,-1.56874028235707,-0.65700892468429,-1.39821239096725,-2.39183069252745,-2.17387872266625,-1.28491751530171,-0.784007478624747,-0.679764085233448,-0.688744278881486,-0.928185754585946,-0.957179473797743,-1.41853344791587,-1.60771945486287,-2.13103872694434,-1.98565470900072,-2.00222385631156,-1.30347971644479,-1.41664095966275,-1.72544302741112,-1.7431588083362,-2.33453391557163,-2.56090855170566,-2.47111124582175,-2.56622691984479,-2.5467595815455,-2.84778746048675,-2.50654342851157,-1.86795577396376
0.247111654964161,0.212413087060616,0.382890189407733,0.831300946652041,0.876336925685281,-0.00514403555291928,-0.116699977582082,0.318778773690241,-0.274821110723199,-1.44122655190794,-1.31449466618895,-0.551468110648863,-0.120673557570308,0.14971046984893,0.132684366992041,-0.416404287503973,-0.403478080853556,-0.102614698168944,-0.325356999943078,-0.215580881444336,-0.383316887994735,-0.541112965798889,0.0593485246643292,0.799516288958713,0.895675834808287,1.10405332058212,0.389839274923109,-0.208097957676389,-0.379504345192022,-0.758595039978566,-0.267013081601796,0.882381135441077,1.13915077686956,0.708964924614996,0.306895888960876,0.0720910424707981,0.468060191645278,0.465621705763431,-0.133255770151053,0.211255077659403,1.38280583578706,1.29096820369287,0.282864029377507,0.0656380737939529,0.86784391970954,0.403974476474574,0.58599402398451,0.392053670218249,0.0702160098119389,0.703709000330729,1.44772919824127,1.13795831599314,0.245313922105054,0.299635517592652,0.574449161898296,-0.000496326720281694,0.0749522078586194,0.29217281659355,1.34980901206376,1.25909398313969,1.04364896435175,1.24479802341171,1.20413453598353,1.30932325563327,0.804986369503546,-0.0667170192182055,0.992800718649871,1.72099243623539,1.52326395350101,0.668996507589786,1.46823057619955,2.31296019174764,2.05283210552569,1.26263599218278,0.83955459958975,0.784752679679699,0.439075972895714,0.854866072950599,0.998599341343203,1.39892778593732,1.62968475919682,2.05216526560339,1.80732822427166,1.84137485446119,1.3205350467397,1.34358759193903,1.92370475434588,1.70522476371614,2.29578310293296,2.47183743582451,2.54199457193193,2.70970961987288,2.60746806498617,2.76108552335392,2.57444289399794,1.8739825636604
0.0856090585757247,-0.225479699796891,-0.613426245067746,-1.05352100604172,-1.05731704221724,0.212149731452681,0.323255606435466,-0.37472890124205,0.403512359973003,1.82386211324292,1.53527708922003,0.66373286597221,0.0721890165239911,-0.213668859614192,-0.288944982050032,0.406023039388376,0.326177781154655,0.225727368355986,0.17726669275094,0.260659831425657,0.469391957964963,0.645821491467773,0.351399521188968,-1.06892456471378,-1.39462298845771,-1.10077952726751,-0.561467887944347,0.0983381441981577,0.418485465412377,1.04760449377823,0.44452523288882,-1.0350726573793,-1.15367241960428,-0.795722739850071,-0.540680632770582,-0.14140540617196,-0.213506935662087,-0.579556216848098,0.0285263020233283,-0.34949756258369,-1.66357733577082,-1.78216887893023,-0.456350917750001,0.0208948074368705,-0.517233102271602,-0.413685322591864,-0.810119347695646,-0.673533699260916,-0.16668973651485,-0.944906560566032,-1.87552512551624,-1.46968056991538,-0.276809657822121,-0.360918268675616,-0.726328626135911,0.00105419184879009,-0.025788303923305,-0.563071084237332,-1.70694909061237,-1.66557549733222,-1.18416403849409,-1.37546853852228,-1.44615633806413,-1.62997710865372,-0.805078443750139,0.106938884842766,-1.06642983304431,-2.03059816527971,-1.72824644236108,-1.04757973860002,-1.81928634556384,-2.97730179811221,-2.4724583016243,-1.60431181475374,-0.867224746434234,-0.847714303088265,-0.577574354373458,-1.29374077362861,-1.13007659602642,-1.55023546757486,-2.05040026706704,-2.71489570407979,-2.42676493888118,-2.25794165213267,-1.81118774029849,-1.82380488637878,-2.3653522190562,-2.31617620907495,-2.80679723504146,-3.34300056848928,-3.060556915046,-3.3713252273437,-3.08503918061889,-3.22992796139072,-3.09774259967193,-2.26526248320574
-0.170125865382525,0.234080469558315,0.653265109617827,1.9485534235856,1.49610036275515,-0.19995341957383,-0.26304699408094,0.730269701400583,-0.637004929369505,-2.51313616917678,-2.2858256384107,-1.16872837053925,-0.424288385523094,0.562791292750788,0.367961597607247,-0.602546137670899,-0.522996396412423,-0.4568150716385,-0.361925547295114,-0.213141749238056,-0.534281081817732,-0.942509420092296,-0.378366626361976,1.51684937865479,2.01534154101494,1.93785820515708,0.972164332225834,-0.355503565765839,-0.919193937090799,-1.51722421553415,-0.667132327778873,1.56448607713432,1.84152803904923,1.09560427194505,0.658288372297317,0.262490916075808,0.516006927297917,0.780104736472373,0.0618649213970523,0.835338058114453,2.36394945236572,2.73190607734446,0.381135426335202,0.105940140010097,1.21756767919761,0.655143399231177,1.01679509802924,0.98594694636702,0.151241257526018,1.48765886116662,2.90681410077982,2.16415827545471,0.109652384713299,0.407265457734864,1.27500361601307,-0.0236685381702755,0.23746663700451,0.765961186426834,2.326436616056,2.65942576731932,1.88735401334823,2.28337647187793,2.45415959181923,2.37515772496092,1.51943264354356,0.0959593661860856,1.60894756741491,3.29049312373712,2.83889959877225,1.68405775862271,2.89536308893043,4.41274448126657,4.07674912752645,2.31689594588672,1.5747664823538,1.23222769421527,1.05705701541018,1.85693654104552,1.96527860193531,2.43829340116347,3.40975801989675,4.00378890004597,3.60686096312742,3.82914776906144,2.74477614277937,2.75019070577954,3.52642717423317,3.43989246476744,4.37920822072391,5.25056604758136,4.59866400044732,5.32177526400446,5.03259490916953,5.19361250214199,4.91073844009344,3.64097538652018
0.0764978234296343,0.0874950815341107,-0.0623516864296381,0.161287373083128,0.161613638874242,-0.100806457076472,-0.0147457168357,0.0630371367707749,0.0906308347741979,-0.366677085082397,0.000606532775034918,-0.0160204195534763,0.0745142540431831,0.0104898043480249,0.0297703611290214,0.0470326723249607,-0.0914866199786119,-0.0118750735495716,0.0150262754311943,-0.0171915893523021,-0.206098265908679,-0.20791968906836,-0.0659111398617429,0.042113439155792,0.156121864037476,0.114378468500236,0.0566982157240637,-0.124367592605822,-0.0500958193462323,0.00432353284947667,-0.236003892656244,0.0407357225950422,0.225109686984488,0.0462733358882316,-0.0942305873504096,-0.0134379578946314,-0.0470539017990925,0.0878352071438725,-0.151588236786011,0.0583224004706672,-0.00163824500097698,-0.00709760961721953,0.20431541801649,-0.012069294421017,0.0984463156846689,0.00797701849030006,-0.000988719204186417,0.00727392619795267,0.0334995008112571,0.00153519107805368,0.267252483188245,0.036884098642016,0.135181973451731,-0.162545187838619,0.054181724153939,0.0653787514247436,-0.0984954223970455,0.107578850622737,0.351956263193285,0.265106832430933,0.25162419189913,0.150996526930433,0.365921369785257,0.0575190256148841,0.129280152860594,-0.168227044561752,0.0651655875722047,-0.0110010867432591,0.137781599440211,0.0159963214701028,0.394139141897883,0.310476395024778,0.0907484428592417,0.0700373086852832,-0.00606592928754945,0.117526784638575,0.144415608750077,0.0971045776003271,0.241083542947006,0.0957856830651386,-0.0211678238691009,0.108593782955271,0.255726586882314,0.368531853649981,0.20284089600593,0.0909850889559332,0.116964961713745,0.283872263459527,0.293197469110487,0.28635209665238,0.358455594142793,0.414390684687073,0.270058935475867,0.382107366108998,0.302580741957808,0.288066291837973
-0.0403721868362131,-0.00887978729033695,-0.150752386142433,-0.30917775110005,0.00875068174629995,0.065275824999546,-0.0507318586514406,-0.135240205276624,0.01359854463982,0.308192152067711,0.329670907847205,0.160312701371674,0.179520577403989,0.116089740151961,-0.0123382404465779,0.118678245099786,0.0846605007665901,0.241544218624934,-0.0476309739981319,0.0654713467974341,-0.140420735506944,0.134860919397558,0.104248500518483,-0.256415171754106,-0.206516101293698,-0.145087878258225,-0.179856135491359,-0.000522847762103693,-0.111710669880038,0.146388209463224,0.131954517496378,-0.151398049113496,-0.159773571635964,-0.177389876890821,-0.0675095605440856,0.268574160534623,0.0478173660056506,-0.210362471770603,-0.0883342594811326,-0.0912030640881572,-0.2892675907217,-0.217063724892397,-0.0101538805024719,-0.0307914847771441,-0.27529018095258,-0.0462429167660685,0.10950750649383,0.010126758361531,-0.0903472798082607,-0.0142684831298334,-0.555971260230976,-0.0423504078155068,0.0195240665806042,-0.0741938828395373,-0.17081676053553,-0.00435975897552398,0.0907574091763003,0.0988938874537216,-0.412369116255337,-0.398071346663854,-0.397424238861793,-0.408317489861764,-0.310783365658281,-0.0936794620436527,-0.238062805352156,-0.0158047820208569,-0.0401183043671829,-0.221514628639986,-0.259314451526788,-0.278007189721416,-0.300390868770073,-0.447178930288267,-0.575077390361123,-0.322469531547673,-0.0916500469385685,-0.0231060976563207,-0.0524490917210667,-0.258002169972209,-0.457314953466272,-0.195541789902612,-0.515310833970847,-0.397178039150614,-0.256075468102594,-0.379554012728227,-0.383919699558173,-0.39657026350902,-0.468537810560736,-0.413700350280372,-0.340577993150648,-0.572924197118803,-0.684760763103885,-0.661147320714434,-0.666269574708569,-0.607877879343312,-0.498571198479486,-0.191778593131212
-0.0377817694561512,0.0500374822564068,-0.0973984175306723,-0.41854875602866,-0.400725791181758,0.0793071312775928,0.0387051882095667,-0.0329743744311093,0.137905478417188,0.539280621380478,0.609504840734044,0.198352121271748,0.0944753591662665,-0.0724074901523078,0.0325050242225402,0.0902326864270506,0.019793027642646,-0.045879704225804,0.173193773721967,0.0668844635222744,0.0340561744526744,0.45565664277188,0.107900562067242,-0.32072555429735,-0.322762265783464,-0.195229812547779,-0.113811516427388,0.30030450387369,0.0797114436627821,0.325579509785821,0.144707432709644,-0.399800197306177,-0.285316298916453,-0.257333413145492,-0.132043825036497,-0.0102659426659252,0.0364210871294114,-0.133130465206584,-0.0742745543398317,0.166593708902558,-0.548875114267341,-0.326242645624321,-0.050738189793388,0.0405117323485456,-0.234145144536406,-0.286078667409089,-0.353189794399547,0.0457248465678273,-0.133451736505077,-0.13704939563216,-0.506114639380745,-0.44976207749257,-0.183955543316517,-0.0557453449846997,-0.149674339853423,-0.0243374213033213,-0.124632392929507,-0.0671358262502031,-0.517396601706587,-0.585226580049437,-0.302589383178814,-0.446039172767954,-0.439041869236524,-0.677428749941646,-0.280175494887778,-0.188231551742476,-0.26271970756158,-0.568768312474534,-0.48630678155478,-0.260157343771945,-0.615972361546192,-0.817283539933391,-0.935401810701587,-0.260882233483923,-0.329645584922808,-0.134628755804396,-0.342414600851285,-0.411642382599232,-0.319669180037924,-0.584531415134547,-0.62413808810764,-0.749689589201701,-0.722003763119839,-0.779964114264554,-0.630117104219678,-0.437023985947281,-0.665267729587448,-0.511636968971112,-0.945317998432176,-0.962450821189982,-0.836683479265334,-0.932350101867423,-0.981271687270627,-0.98121770224839,-0.828538372088179,-0.825826237947553
0.0292121833193991,0.181341093896775,0.386363725776042,0.733300733191813,0.674768760769582,-0.147360083970725,-0.0140415820955143,0.240861864059959,-0.376344622071729,-1.10676298553309,-1.10199048066383,-0.460969418153817,-0.306832067048369,0.263630435194263,0.127572544252316,-0.202544507693744,-0.237752310784415,-0.0395425940379064,-0.168473581571531,-0.0902533001922303,-0.203125782296119,-0.602030962480019,-0.157940662751628,0.697977613547232,0.719400193835168,0.650548102888643,0.584324419991272,-0.167305208054092,-0.394266539622502,-0.738789162307061,-0.282544290733872,0.703605486737623,0.836446111708133,0.716425826996495,0.148198848766633,-0.00481716634393552,0.282224649978793,0.151000123031325,0.102641483218893,0.177780988202841,1.08528985164577,1.22356162432448,0.287896084460476,0.151850072759902,0.468216497387795,0.274310331145548,0.509179735127013,0.678754234075937,0.175627126035754,0.822639012308801,1.21094315049126,0.986944230205359,0.14910410002659,0.316873672962119,0.450084690284061,-0.123269124647097,0.0174567654598418,0.356510252985695,0.97030350125622,1.32767476761297,0.802992346777814,0.913198489895272,0.981611300530381,1.12963806812446,0.663567619217323,-0.110828618330634,0.739899750247169,1.43972974065563,1.19314145500583,0.574566473075717,1.30549831455191,1.85500368019182,1.63459224901174,1.25574043239571,0.408143601711688,0.54080266046843,0.516608744450785,0.872732772144031,0.820205591819468,1.10577388721164,1.39641873279204,1.72695635097923,1.66840805709206,1.64555306616972,1.25913020793076,1.12602304330631,1.75841004588066,1.5495642124357,1.94171271737242,2.12680198026096,1.97616735557578,2.38036686057327,2.11790897854572,2.19271181811107,1.92811434994642,1.62125566794643
-0.227632845001905,0.174642599106001,0.0562008259746171,0.349007284930953,0.339249041237197,-0.0517197304770626,-0.0774199464536905,-0.0233809996322851,-0.116415663515081,-0.656489860908869,-0.602145079367728,-0.329343487770623,-0.122758418187031,0.0877930974201978,-0.0116236212381913,-0.126081359671539,-0.260533851106458,-0.171528262758088,-0.123653709923873,0.0239176743315033,-0.165448712391533,-0.197019872686563,0.0491844264443119,0.479108040885211,0.391770895618636,0.518832849195982,0.0775964668274643,-0.0863824651832648,-0.221282479743175,-0.326698788320726,-0.169612300934508,0.257624816815549,0.4288889789937,0.279398548191662,0.0012784421541942,-0.0867439565639675,0.0537935821425511,0.0709994767654229,-0.0602246694027784,0.222369533181481,0.548654957769794,0.67775824517805,0.144323613311729,0.103553913352857,0.324421852692762,-0.0844048603347607,0.104877762377017,0.0981750124033693,0.288272382159818,0.383983143557299,0.863284710511447,0.571046847791055,-0.0732891492463743,0.198733593237337,0.268418384672164,-0.0778659309989956,0.153383022437133,0.154566296740556,0.634609764721513,0.539702925445948,0.680325241099095,0.607147063707222,0.807944415216745,0.744133634355685,0.474575246925054,0.0837390167380664,0.38172050796747,0.747456933481955,0.781285472775446,0.410179485475608,0.688087946835333,1.09935407721312,0.960948524626126,0.379693946536959,0.154360713106117,0.208716647167593,0.276595577649208,0.552978745042137,0.471331004725742,0.800429673934179,0.922328095997248,0.897883619177439,0.780308548468582,1.00977687741398,0.51501292918767,0.767183075406017,0.788528665161029,0.965323446042508,0.968535658800035,1.41733447828374,1.2792979824457,1.33101054664678,1.22431353940759,1.46333463105383,0.964824779999795,0.991388362821084
-0.0128020669203764,0.0823553072510842,0.0556894126615655,-0.0471090241735774,0.0429115349078973,0.0235575150712551,-0.0153330314841258,0.0251371221865604,0.188917031898475,0.13573403894055,-0.00660971906241037,0.0276216262153154,0.0628851365240671,-0.0886834506102071,-0.156009728391527,0.141084811066398,0.180260102055745,0.11169784735533,-0.0674195354873057,-0.0463960762670201,0.0868039194483621,0.192028482297959,-0.0866990049115031,-0.0448162670580922,0.0490317787224265,-0.149054342224672,-0.0176390596492414,-0.0139009936206282,0.107707239615194,0.0853905062471193,0.00364058066888552,-0.259985777864869,-0.172670177812029,-0.16634028091768,-0.0747780710642065,0.175613861220916,-0.231141570308994,-0.189801767241157,-0.0464167656947346,-0.0361791439913607,-0.265220981910732,-0.125543396648263,0.0159282235694468,0.00655879950041558,-0.250621913431579,-0.0246420920058674,-0.0770045716113163,-0.0590933444423634,0.140185289308303,0.101503891355686,-0.250856904418968,-0.126568419933128,0.00110270663676159,-0.0452142310651446,0.117376345407701,-0.156730360159104,-0.0667333569422231,-0.020493474408492,-0.238300249047438,-0.116351495609936,0.0646937212619196,0.0169249740287609,-0.135742256860439,-0.362976575860246,-0.0297669084437291,0.106694630077739,-0.030793100782186,-0.318747818871681,-0.158712623346419,-0.303350584728523,-0.134657274154361,-0.430253895971412,-0.221985545135385,-0.209854008138382,-0.0630733523665039,-0.23567849725738,-0.154870535740048,-0.181057533805972,-0.436981558626078,-0.144476300777358,-0.247913854036304,-0.301545119912797,-0.144693769829424,-0.503420582517698,-0.264255620067562,-0.268909445052525,-0.280833678790576,-0.297448949963595,-0.406089592897119,-0.339611087299633,-0.274504327067957,-0.407175560034091,-0.380118275680461,-0.564826922940423,-0.40986927253631,-0.206057663214639
0.0131303890153222,0.0710402616566769,0.0459369279699325,0.109298586772121,0.136812385782381,-0.0495849250560846,-0.0236296760096973,0.00439212108879016,-0.0118667661547301,-0.138418871422023,-0.157145090207002,0.00526789370930021,0.226581909779863,-0.0308335849931608,-0.0646478704109513,-0.0142125628617277,0.0132520840300386,-0.107855285191711,-0.128689826184751,0.0107761565863632,0.0147103308585819,-0.211268656309363,0.0813730226882453,-0.0407050304776408,0.1892005370414,0.13477110986043,0.10692876608678,0.0198308512722199,-0.106335253780846,-0.0990126169359877,0.046639472175669,0.152264929886556,0.18583405155238,0.137787513855212,0.176014702869256,0.0989916722299015,0.116313070478978,-0.104012177786968,0.167159699949382,0.0403379338157238,0.175816976275461,0.218222925596622,-0.0557860783314632,-0.0963497972256829,0.173132510904379,0.129859820510283,0.0987886626898258,0.132352038863042,-0.0474720140664805,-0.073682886414769,0.00553276571016623,0.0263715080226654,-0.0922595664099795,0.0562483742126946,-0.00285604455412877,0.0801216727356378,-0.000384768259474835,-0.00350562269247241,0.350458265314976,0.34577813626007,0.322745098865739,0.171807353622444,0.330043255408579,0.155495579694437,0.0231886358691566,-0.0189231239833761,0.107939191699708,0.406717601979905,0.0363618498338379,0.24299431010988,0.191378378712643,0.355122399898819,0.330415375795175,0.160675412412221,0.135699097499166,0.0882566091688495,0.0570833035678854,0.192705280614577,0.262060601242912,0.272446066306923,0.206877933664933,0.249264599500318,0.494292391354314,0.306439261057591,0.281303661785385,0.239085972642678,0.266097433162759,0.273963278604174,0.285933021406927,0.577640019778851,0.409827882986037,0.455354641882323,0.413921513233712,0.397235809395308,0.383487833526903,0.335143490670421
-0.109815393415769,0.0743375386416406,-0.181410161292772,-0.277245981476588,-0.535393172204282,0.110721715402775,0.275971374902987,-0.136924301525741,0.153364446302893,0.814478741056148,0.700684020640106,0.226517571403956,-0.0529955877060218,0.107160127380241,-0.155856304763613,-0.0280847979046783,-0.0328104189086241,0.098164408798261,-0.035269079890782,0.00988567059779199,0.130892699534731,0.239977295922608,-0.0733543446724721,-0.434480259031381,-0.506880467058882,-0.356859726544922,-0.329358333560503,-0.0701516668309855,0.108729705037121,0.411706088700243,0.198773259399705,-0.455932717549788,-0.351190215947801,-0.226844412572911,-0.104885179103109,-0.0392930843181853,-0.251904585198474,-0.218956141338597,0.0158641248283717,-0.155097299960124,-0.648620244511321,-0.793862583462855,-0.243656512873248,-0.163532716393936,-0.346492984357032,-0.116236132871547,-0.203585950471433,-0.0125436227453163,-0.067226474257717,-0.477780278049683,-0.541182032650789,-0.458027012484696,-0.0289172060121661,-0.0727969745041959,-0.25050725288838,-0.145039962603879,-0.176117795156931,-0.203823865746859,-0.52599041939214,-0.614593364516143,-0.589020901733883,-0.356666954918908,-0.494462855325338,-0.528125976952987,-0.520363562995419,0.0437289681919046,-0.512244169541057,-0.574246670593036,-0.685821392210925,-0.342720290270565,-0.619667306988757,-1.28182731545247,-0.812915641110351,-0.52281891016457,-0.313606680530393,-0.250516451185134,-0.276443406234325,-0.516511807655775,-0.465752158280772,-0.639708531679076,-0.695840540607692,-0.893063666806892,-0.81855122880503,-0.911833803545524,-0.64588996522177,-0.653908658486462,-0.89498703433854,-0.70037166450665,-1.05269470134626,-1.35453312503253,-1.00017657382322,-1.11249296087246,-1.40236823781831,-1.27977289879196,-1.07895533366997,-0.914720677728071
0.0579221537058678,-0.223508085843248,-0.352534955445262,-0.846902673591789,-0.550309457887333,0.13848493559839,0.143181874708868,-0.160755736589372,0.364903898732506,1.21321547400393,0.895005223783387,0.54631178688947,0.124299036317455,-0.208933886662939,0.00246848641152911,0.354705765921629,0.167125634788986,0.281657192247223,0.411796986818406,0.120247681204665,0.150656136842121,0.44983031843867,0.15162565039494,-0.781121828429647,-0.783754902508375,-1.01310226075931,-0.490925917454724,0.220183629866046,0.281381343399664,0.692811937832768,0.196737569914205,-0.809417778958492,-0.833217852026018,-0.631231478863369,-0.210314087960079,-0.0269237989390585,-0.351826241181946,-0.463346516428672,-0.0810067448984521,-0.312457466687058,-1.15347002961642,-1.3534006867147,-0.0530283959377927,0.0430309334600709,-0.43766941009408,-0.374987031405973,-0.512829092510601,-0.456548122561792,-0.0380561137891616,-0.696344263960417,-1.42456958106386,-1.0411106556407,-0.112743772847721,-0.167186821853851,-0.470490211565275,-0.023061722424955,0.0717549216690547,-0.314625645103577,-1.16330780105727,-1.04722492329998,-1.05453256642559,-1.11740351964093,-1.12870760778079,-1.04730848972047,-0.780541503281298,-0.0488111626132423,-0.789869115512337,-1.6444089360105,-1.32432940458806,-0.671844247911369,-1.38028827524873,-2.02623220620081,-1.75162184801678,-1.15041355736794,-0.545441349018352,-0.744727504722377,-0.505279898206934,-0.743053418489272,-0.983995210520302,-1.11014320230763,-1.70763314452492,-1.88081163116661,-1.77230710755412,-1.66112998657457,-1.39184038512552,-1.19001971642365,-1.72559891128147,-1.53139304534113,-1.89507886820722,-2.46219253998399,-2.11110056647926,-2.37392282212006,-2.10532955825768,-2.42674578610066,-2.3125390211704,-1.66402106374819
-0.036924383682503,0.0473504782979399,0.00950318646252146,0.263157397810628,0.27857669573363,0.0280481837115375,-0.0513557494269779,-0.0314636299328477,-0.0419312433479982,-0.253958164084381,-0.249380456222199,-0.0786688160750235,0.0549515914479952,0.0862543254397068,0.0651124749002694,-0.101578631117227,-0.00576378618093686,-0.244010400486748,-0.0522844417944259,-0.0171941815907808,0.0497176081573467,-0.0772794280714105,0.0269380906555087,0.195189854524776,0.164483039617942,0.319342563806958,-0.0792706887049769,0.0299885183340372,-0.217918151608006,-0.0329714480547609,0.0104277012333948,0.0614727516082741,0.118178283672523,0.0865365019261176,0.00910700497306746,-0.0740173340779918,-0.140224773024638,-0.0121794562104457,0.0594458972582536,0.0809451358410669,0.136849288495294,0.513121068610173,-0.0147545425970717,0.196824116215565,0.150938927331393,0.165225752696113,0.00415479376600672,0.158739752213529,-0.0752885646523911,0.0411576936342197,0.0860486404037268,0.185007186866103,-0.0879931679438015,0.148183242834359,-0.0406428142324683,-0.132962401062957,0.135840035866249,0.0280395842207027,0.0671061051373107,0.145517415214813,0.0560557627437433,0.265438066180883,0.262155397985128,0.31566435184449,0.0133994327923738,-0.085010144993715,0.253853679416794,0.336532560498445,0.123626800571436,0.0845203059508576,0.185452487557298,0.395139824781587,0.339429011139187,0.211664488832609,0.104413047975011,-0.0403875192265424,0.212457624243965,0.0473279657009233,0.0535620663636803,0.348644174721624,0.308098227741926,0.510671026464556,0.251999137003216,0.339313895652246,0.148955624177894,0.38597957837787,0.426978967997347,0.184662976912738,0.382755366325009,0.431847809645768,0.449937768135182,0.400011934318019,0.512635985924866,0.396964322182028,0.445423778346067,0.405037584355584
-0.132201362926559,-0.0981961906885915,0.290435180753843,0.646460482891827,0.651553967027878,-0.206626714164562,-0.145104030657829,0.207079181554199,0.0273896570930552,-1.00472465160577,-0.932008711260181,-0.367825045331899,-0.0439535736664587,0.255526997466726,0.104646825602632,-0.220929405924729,-0.18687272391669,-0.109231005928573,-0.0712861510928253,-0.136741983914039,-0.223955113721179,-0.26894413437949,-0.0214569776469206,0.452026800909185,0.700983216442667,0.775539927419159,0.375004289107326,-0.154014493376141,-0.357303303479824,-0.54622828966878,-0.189785735536634,0.608206414455802,0.602421696352855,0.309035890031006,0.258728223883479,0.00990681638062215,0.0923286503065618,0.335287634284591,-0.014798045699726,0.241284048673966,1.04925018612654,0.976672668647134,-0.018868904238326,0.113507774039384,0.409091101572592,0.298774623103971,0.371823189155575,0.313143028521503,0.0208921900098693,0.590045855070478,1.0337072254758,0.624068669359588,0.103462194702338,0.186123120668713,0.450239681949358,-0.12242072279475,0.0822648315917363,0.280187328059099,0.85465943955491,0.911001350979744,0.633481107600549,0.91359479182097,0.741982654282588,0.578559794037302,0.571685781212999,0.00723806095309304,0.698662689264805,1.23275526290208,0.851161693874572,0.63770494881723,1.06549794949587,1.44586358480821,1.30206068801215,1.00604013976957,0.303414983372964,0.565883160435826,0.462231822535378,0.792495761860636,0.533773247296361,1.02798542500047,1.11149186579201,1.37259219883005,1.37109715477758,1.38882593322855,0.987083763271686,1.03336722592969,1.18634528739729,1.17440206673429,1.45018589627238,1.82048348078612,1.61372562312014,1.84560609240933,1.72969674552465,1.69702658500222,1.81006954674449,1.18742855383098
0.0961477282338599,-0.168557837956704,-0.237469666073185,-0.363575902448156,-0.440171519245853,-0.0985925829155243,-0.0843580330304558,-0.130691993569009,0.124179571997948,0.539141268141907,0.408060933103893,0.229047000483831,0.0286531645015446,-0.147632809660628,-0.0869010867130152,0.0742581726448817,0.112650295840984,0.257916662782771,0.0825005410899056,0.248624264976094,0.176610386336302,0.0374428489349775,0.0956406682881421,-0.253973011878108,-0.302330757948282,-0.412037967560741,-0.179522655219487,0.0276819608052682,0.228648754116492,0.22606617277053,0.0164673541119995,-0.157140863862838,-0.44837376656674,-0.161897545809126,-0.14476906385969,-0.139621124501638,-0.154582598544189,-0.078363320426935,0.00455049929045824,-0.0525569168873121,-0.562565516656326,-0.580083276281219,-0.0921266538676927,-0.0954725043246161,-0.0450864925592238,-0.0169519560035312,-0.30397644956495,-0.252379012400068,-0.184879731570833,-0.466454624320781,-0.366214058412907,-0.317564828025878,-0.0342854157066215,0.0535443333144747,-0.3110656797885,0.0193353161497839,0.111705770315294,-0.230241712694319,-0.311178428612137,-0.519016098009371,-0.258736463241198,-0.372262285474035,-0.253592903994809,-0.309067073308511,-0.268337617740519,0.0856815360073552,-0.480784925703984,-0.653144338487223,-0.424493907387297,-0.324986434489088,-0.575424477189671,-0.743714629559104,-0.553572703585202,-0.3825681004717,-0.231154317033725,-0.307783293434885,-0.0443008344203909,-0.292036467286728,-0.42167578418294,-0.481229044901368,-0.630129849526246,-0.784670315145926,-0.69269586888444,-0.583387513332634,-0.510045459598399,-0.493577272118593,-0.710227090632226,-0.595809309077923,-0.906502402880977,-0.961673408654917,-0.782129615383261,-0.815533996725916,-0.893373108216093,-0.84507198065299,-0.880000507246365,-0.665334211462277
0.091001315329318,-0.00718810593850747,0.0947035240350871,0.0688901408173405,0.285129070186884,0.0944838338801449,-0.203693130309828,-0.0667466597742322,-0.033437182578888,-0.288171101317522,-0.154150778734446,-0.27117370521173,-0.126617565988295,0.0135462917653133,0.141073645896412,-0.251010009508312,0.0822995681067618,-0.110969122591131,0.0221550713588043,-0.099056502885172,0.055450903574064,-0.0745464154696134,-0.180514943535512,0.207037081412728,0.286339772018245,0.224587032134645,0.292076558891974,-0.0186728227904543,-0.125459814230167,-0.129079910419988,-0.123360778595849,0.142770565163721,0.191843908175255,0.229677867210297,0.103984012908524,0.114239409006328,0.129828055892555,0.0371559327740246,0.0210928125125265,0.288289544077849,0.292213496021087,0.259313658490241,0.0540813694736636,0.0623461283006727,0.154576536504476,0.15175156874623,0.121328131402755,0.0859974987333923,0.0817377404856869,0.175209042342813,0.327069832068059,0.187427529556843,0.0433007736658029,0.119132987608827,0.170751212994926,0.0832318006902976,0.0792878248238585,0.215239164560412,0.0651299947432719,0.36942485092999,0.2229299136364,0.385415154507072,0.380758561296071,0.199710398283782,-0.0570261701054583,0.0118578183553202,0.227579717642681,0.367949531551226,0.231955500378233,0.269920889893807,0.245265283801243,0.461601525706088,0.600179161620843,0.268516629134772,0.209342935558781,0.212930581610654,0.184245700902816,0.191544627155135,0.507567329093384,0.458864648733523,0.412178937401103,0.521766438440651,0.605524709632903,0.510757847380943,0.134485373313212,0.463477200694826,0.426339790689587,0.371605073873912,0.51799491356482,0.693983832596863,0.329661563832736,0.577418857183664,0.446907725808281,0.518152014492722,0.415564667569861,0.388686018669687
0.0691444291093224,0.0426912902862665,-0.28554554221084,-0.559944468479001,-0.624303734384678,0.211251704808403,0.179938598135609,-0.136068860046988,0.0813284473708916,0.975131087619147,0.579634955045012,0.352698471402342,-0.0576750997951812,-0.140443639489302,0.0212776275608654,0.178133159652142,0.0768284339247099,0.0592460993940323,0.0423719851349771,0.0932765044323824,0.339371604315114,0.251004177156424,0.267119571109578,-0.409262315647356,-0.586692977564995,-0.733953229009468,-0.322499079544875,0.0785389918087665,0.19132657636255,0.458083848194737,0.176999047028556,-0.455416212979979,-0.58820950706073,-0.384095989159173,0.0780661154651305,-0.210361551685766,-0.0986929263163991,-0.212147006122802,-0.113912588929191,-0.374720885697743,-0.760904365490587,-0.849408628910289,0.101408073185503,-0.0154007415207787,-0.509867277411052,-0.0998629573996269,-0.375286340740727,-0.293120468724913,-0.0634466883688183,-0.465544312340831,-0.971137485506532,-0.695614471105289,-0.193641030454153,-0.112366284851417,-0.465129186193225,0.00604096885797218,-0.0869406397435327,-0.189160234606565,-0.857697038969235,-0.976161178291758,-0.61360759138412,-0.600869795889534,-0.721165952789469,-0.736897054838215,-0.522098009713581,-0.0867704638553236,-0.619113014535333,-1.18505442448372,-0.922939754543793,-0.675493167795576,-0.974784455927189,-1.58241157637013,-1.32234585983419,-0.702376344910448,-0.668206328766978,-0.376921565908775,-0.241462615565119,-0.651759430433614,-0.716606953827841,-0.798836236794805,-1.03412839594027,-1.39024281186746,-1.366490491831,-1.22573805701112,-0.814893344131846,-0.932286674234943,-1.05472329486834,-1.17729259757282,-1.30785889337837,-1.70134114444894,-1.45153074363762,-1.69626812114329,-1.715165610684,-1.6040489121096,-1.45863142419395,-1.2282961783824
0.0772137994176196,-0.155591436116426,-0.258402591844433,-0.71706257103722,-0.681332727683087,-0.0273237153513194,0.107785644505695,-0.294139347279193,0.312661130801644,0.995754336310181,0.940182271047514,0.464858511987125,0.157439173520365,-0.109687553809283,-0.277570602870928,0.164245580385479,0.102303210941282,0.0947946376348417,0.0984928534041039,0.253153340035094,0.119393723285421,0.419399875600952,0.127283208762421,-0.661703973008777,-0.737374378423254,-0.749727827101935,-0.467181212817972,0.129880658551285,0.326184975534928,0.509266301930562,0.438456161049048,-0.526919919570208,-0.813988357014354,-0.391348129969927,-0.17342836587904,-0.167119384292878,-0.340643223097935,-0.187204558155313,0.0442279835547758,-0.407803359441295,-0.990318951816936,-0.995640062511804,-0.223348075128523,-0.159876141668417,-0.310980136118294,-0.352682215838721,-0.420281285824459,-0.298325394165111,-0.376755434687412,-0.45951983083056,-0.939785324909194,-0.839481310844476,-0.000823255790061012,-0.545979827973434,-0.483974925671948,0.0208584737423573,-0.180092655362971,-0.218497626719774,-0.903700890289939,-0.915807662817055,-0.762937073146008,-0.805129010352974,-1.08527048168899,-1.05434482437478,-0.662604833474944,0.0564662608921772,-0.533230272310502,-1.13151184026544,-1.079034357856,-0.657165570720179,-1.21243141511542,-1.83332499647246,-1.51091945073412,-0.768834891400578,-0.52847771582906,-0.285357679278709,-0.358627100551272,-0.660675108067433,-0.776631576164607,-1.11701692683149,-1.2101261002774,-1.60842686012376,-1.55811520534809,-1.37269413112312,-1.1287360284594,-1.09658151443361,-1.24915184720957,-1.26740438256923,-1.58264271965518,-1.8024175346801,-1.72077641618247,-2.00789141864513,-1.87220895429314,-2.02013560750902,-1.83110048943249,-1.45544882734655
-0.107872908079545,-0.0320828051866739,0.0327339178005145,0.0691478058862082,-0.055886632886498,0.101657614360789,0.0477567281760428,-0.0122973996118093,-0.0994728631541866,0.321828628865389,-0.123294141655096,-0.117871584605814,0.050924620838433,-0.0479178937366675,0.0410576088619552,0.143465829507656,-0.0814072802995061,-0.0351261927402183,-0.0890659854266125,-0.00946751274058264,0.0718536163031381,0.186714745013085,0.0816798021020463,-0.0128978245598288,-0.115102556864237,-0.0274274540797616,0.0853460654943036,0.125692868990677,-0.149607753314844,0.160316113742918,0.0265474875884095,-0.050128865227772,-0.0196063451013191,-0.0189746434108472,0.0355790696771375,-0.116503778593898,0.0252608260911608,0.187443999659201,-0.058543822350186,0.116151794495653,0.0403605184925215,-0.0226459178161694,0.0820004394075921,-0.234170588969921,-0.0720371119076575,0.0894088814949463,-0.00211128767255932,-0.0534545941852519,0.00272367090298947,0.0223881841146656,0.049401243875169,-0.00749693909417563,-0.100422253077366,-0.0733210468337327,-0.10383393992522,-0.0569905299792472,0.0408338923837319,0.044404443919165,0.0507132943285557,0.0717577543430265,-0.0601879865704953,-0.319132370950607,-0.0453691083886581,0.0742032034851236,0.134346823899849,-0.00251488735758872,-0.0609889339913412,-0.142157819967115,-0.121135640771181,-0.025242183928958,-0.187312436568174,-0.164919058664789,0.0521827580361144,0.0413182057442823,-0.00813660194654212,0.17795749817817,0.00159278470108763,0.0979932928833697,-0.161640161062636,-0.00879033044732405,-0.108319150893025,0.0749748136067249,-0.0478990828864906,0.0734568856025612,-0.0425922641515037,0.126181603635811,-0.18925070314009,-0.274652449228975,-0.165765134485031,-0.285271598953098,-0.0778990822378058,-0.182196664920993,-0.276194753443828,-0.188431595566712,0.0171294138036552,-0.13780309937037
0.0114973295491353,0.0494629843807713,0.560790348876308,1.15921073611858,1.00654197715779,-0.265449673708024,-0.22769116586672,0.334652611834841,-0.401278310839357,-1.62319215567024,-1.54091078831278,-0.612903311062212,-0.374203179417271,0.231271138207829,0.153836499500382,-0.34876273475535,-0.35931851468966,-0.3176622326951,-0.289709765644935,-0.324886380197572,-0.517033029551717,-0.69235896256698,-0.166632782164819,0.978671469465793,1.38826552366309,1.33127921764207,0.60953350127956,-0.142380705656384,-0.576059926744605,-1.01189599714336,-0.415224647674466,0.918901092218965,1.30199290072154,0.917261863593622,0.254104410135949,0.021866185481529,0.366839855766026,0.377813220071014,-0.037460348685739,0.191842289648977,1.36867828000638,1.65043258074632,0.278746732305361,0.166141811914527,0.793958818338244,0.663152945570753,0.651936535433641,0.718436500708452,0.171016606993735,0.91030945275263,1.93739244246005,1.26935563786067,0.269162779650137,0.243353604419141,0.864636772389184,0.202081550104213,-0.118365557239697,0.465434096106468,1.45289171440856,1.6900071368797,1.20194279131988,1.5915269965822,1.25556182035707,1.56243225147279,0.900485621620479,0.0398109667775586,1.14449148460406,2.07594794760509,1.74073413077331,1.12516530872527,1.72660555367217,2.8301003550885,2.49873318899287,1.52273540365433,0.925972007251005,0.497632553227544,0.79236814788435,1.27287572348282,1.21767820033209,1.46312349225562,2.00155644142489,2.4065012280583,2.2890907376562,2.41303861895013,1.79598785403123,1.60465476632531,2.25027286637797,2.21976793454787,2.82494164571455,3.02065981569785,3.01957605400587,3.41342025307093,3.17062297017956,3.47423976506717,2.98032694847444,2.29323734920955
0.00988177585787854,-0.261436108660883,0.0195991285996137,-0.228352718058407,-0.228181495273565,0.0965038985867934,0.186353071873141,0.0251592764656037,0.206553125732836,0.153185738114158,0.168186909427442,0.193297890670124,-0.0448021083334594,0.00592577044535101,-0.0225800910611646,0.0882847983602864,0.00791774247624066,-0.00824661976337494,-0.0503713410255381,0.163251590548196,0.103893720173781,0.152278776985583,-0.0632155755940899,-0.188570875217305,-0.289421046537275,-0.20706918140808,-0.189554343747189,0.130871550576853,0.0281801733877568,0.3363763588802,-0.0345808318536711,-0.124079450458821,-0.107101757317175,-0.205007293565335,0.01095315108864,-0.158749924346876,-0.0989983600210119,-0.154186680018013,0.11275432110808,-0.059035139771071,-0.131056185771986,-0.167314039745048,-0.018689720032452,-0.0242128730227216,-0.120949941278868,-0.134039473488479,-0.0673908740693593,-0.0729716163002993,-0.178718436352607,-0.172773750783213,-0.0317256384843405,-0.311891433309221,-0.0725776217933391,-0.21141704490977,-0.125264708530403,-0.0517832566137965,-0.0434131425439472,-0.0348716264902125,-0.27925852098408,-0.279608463998423,-0.216676156530136,-0.201267514251475,-0.34112011585142,-0.261877903244198,-0.200208108933934,0.0687938305507634,-0.467884976141184,-0.315584236708353,-0.412593410056068,-0.0940532965479738,-0.328064226077915,-0.37448410181415,-0.496785762608006,-0.208457225808454,-0.00574505912963674,0.0227018511008874,-0.00893113973624737,-0.360326286634776,-0.280875950543578,-0.186226251752922,-0.445223508731175,-0.541127431899591,-0.30964476527432,-0.339639778675916,-0.251744736969481,-0.150910383037763,-0.277040987065787,-0.264736168191875,-0.504867035773162,-0.523636164412174,-0.449268681091502,-0.351840726197531,-0.518895302913348,-0.575720633255596,-0.390582076745206,-0.321751690463863
0.0957811087958527,-0.135016901685901,-0.146787939439573,-0.438088613908,-0.315830801849174,0.124480544481145,0.121272738755326,-0.174910575500512,0.223689189093008,0.700850198473047,0.491742825062335,0.18842858709271,0.166130622173667,-0.216171620882532,-0.122218951459009,0.251795548897571,0.258617112229701,-0.0148611713952448,0.126055859095249,0.301435713864891,-0.00795362067132857,0.29267770221218,0.122131509759623,-0.395822174244038,-0.48755172906811,-0.54040779160812,-0.311422792630167,-0.181485059304227,0.211290635548758,0.548547285245903,0.136044636489209,-0.559743408729759,-0.538256153083042,-0.204493825673353,-0.127392630113801,0.124617322456522,-0.150711670501536,-0.212683314316939,-0.0134286233847076,-0.139368446077501,-0.707804462444664,-0.748483522456395,0.0145497585427062,-0.283100407011713,-0.201269462549807,-0.302556259947203,-0.327755001671399,-0.450872146539493,-0.242127442054402,-0.481375505246618,-0.692087756063735,-0.66584437323687,-0.124102434332965,-0.271819475674134,-0.114788997545069,0.0299427488797832,0.0692763383238525,-0.128369364097891,-0.603921617511257,-0.71391300127808,-0.508915281378903,-0.555366492377761,-0.579180244007311,-0.708883241579258,-0.293711048799244,0.201848595907906,-0.622764158351229,-0.976342930251293,-0.930911964498671,-0.34185397287808,-0.839738670979413,-1.19993484097392,-1.0074427533626,-0.497943429742628,-0.357525963230122,-0.284316041182103,-0.255641145018712,-0.521686240149774,-0.65464301850062,-0.777179501652623,-0.916427040638348,-1.07712303744274,-0.852797081270662,-1.10562750904953,-0.807013961401705,-0.8125795578953,-1.0408232630793,-0.912197866736339,-1.14486662582506,-1.45708927309397,-1.21502782110408,-1.6993162448213,-1.36954522850385,-1.52203787091687,-1.35954341874439,-1.04003091772256
0.181299548861906,-0.25318295618416,-0.746644604055083,-1.34939711011978,-0.95401754765501,0.157132740972714,0.149373722668367,-0.593782028074702,0.331085547006917,1.82776387836242,1.73947420444162,0.937025972149792,0.127969112065133,-0.379649845549256,-0.131659423286419,0.417076318613717,0.425351437344942,0.388980346884848,0.334053728125598,0.129665509161205,0.473912768941219,0.671248256273133,0.30314379531353,-1.05495561800812,-1.32178786652093,-1.4941812078749,-0.573897166417342,0.0853046149093808,0.744489434802117,1.34409805643465,0.518807000523671,-1.3198517878966,-1.21402137786218,-0.956995508576488,-0.333020278912072,-0.0469427108784756,-0.194325565840875,-0.581105848661953,0.192913286608095,-0.464938754132615,-1.77294129719399,-1.70296386801244,-0.599577519107739,-0.140865664016488,-0.828179263745693,-0.536006175788654,-0.999558294868351,-0.700517579619751,-0.168572358423128,-0.971177254840142,-2.20209981556364,-1.45214734776558,-0.377751832086014,-0.302581410367946,-0.882098541766173,0.0152542860238874,-0.159503502255956,-0.532793261043539,-1.63598540164187,-1.68680069333249,-1.53892094216515,-1.47540752913708,-1.76627471375419,-1.71175273437874,-0.838910667232399,0.178637571059124,-1.30794845601537,-2.48434811039874,-2.2241986221857,-1.14111621109086,-2.10480095553426,-3.16640202474353,-2.78884520936939,-1.7594057655513,-1.18359598549484,-0.897307128825441,-0.752511204012088,-1.31858546247616,-1.32867922745782,-1.74432808423833,-2.38806282456672,-2.99339184923534,-2.46763603402491,-2.67176387987163,-2.20318107860724,-2.10519428610879,-2.61968122742698,-2.43229693555318,-3.24800827194997,-3.76543657740153,-3.2385954232171,-3.76423561016203,-3.35105501323038,-3.6571602925779,-3.46869049229888,-2.31734470703616
-0.0334634524992153,-0.136716327712123,-0.381167309281372,-0.911070655604752,-0.659274020850378,0.233694314588324,0.122420601051618,-0.217366253935243,0.186356694200375,1.41000512889724,1.31386203872425,0.656847658059968,0.0396531234192848,-0.247462991994367,-0.376861353875983,0.238697224456088,0.30477808621561,0.37853834935399,0.140948525168205,0.125719553765405,0.258577882533999,0.461019773248987,0.146898234828723,-0.711591203200566,-1.02496400423545,-0.852169212314597,-0.558881170189452,0.020382225795367,0.483019048265826,0.784568790127819,0.390159098756349,-0.969079429367641,-0.775199964756798,-0.637632642009703,-0.354051841699101,-0.0662199389520572,-0.281654689514899,-0.415417694934404,0.172632639680945,-0.435759931366075,-1.12045801452334,-1.31231591043406,-0.106716233060174,-0.16749199108074,-0.634287876138508,-0.424280017557761,-0.498606893883218,-0.641738080885735,-0.176747771939451,-0.870486825956768,-1.45157459250859,-1.00591055650967,-0.000839190123759243,-0.278440762144645,-0.768698120058558,0.0831229063518267,-0.0189221252925647,-0.378068529309844,-1.30906838759038,-1.11504126419719,-0.794346107152537,-1.09506114648966,-1.19027503538979,-1.11759685455855,-0.774727684599234,-0.0509509573432419,-0.749645650498043,-1.79441136787307,-1.46543927061528,-0.79128527571467,-1.40723707954664,-2.31928970839077,-1.94755939683017,-1.22571619589835,-0.708306644051322,-0.567663027662904,-0.442271619427409,-0.907133078621834,-0.863363990807857,-1.26116913812618,-1.69311022037293,-1.92039293656663,-2.01947726514566,-1.833608644729,-1.27921102144219,-1.35113016388534,-1.83845321235136,-1.86938279260483,-2.21622243180819,-2.60025101724125,-2.47014693447603,-2.60102371993815,-2.56520281136922,-2.74892256758114,-2.23505660322189,-1.97450118087501
0.0432193864981677,-0.17929467539584,-0.389149827261218,-1.21385460929909,-0.982163617835821,0.229851996589496,0.111897118791833,-0.306181182196758,0.470690156614017,1.72485240166804,1.40402731364233,0.661659514294557,0.251184736022784,-0.308171746431301,-0.388464136019185,0.2842137075389,0.308170220711692,0.360355929883124,0.274613493242678,0.293121479234229,0.316603565487352,0.648593292901934,0.243844158854209,-0.83872639963024,-1.11586685373094,-0.951958043768018,-0.582623832481377,0.240037424321275,0.444996276948424,0.744253927291955,0.455360550863951,-1.11974007896923,-1.25345236132658,-0.647720953601673,-0.409970780104272,-0.234329215895612,-0.427413450956038,-0.431024614346616,0.0863729559337916,-0.315881785908796,-1.45407645665436,-1.68278368745889,-0.413231474852959,0.124692674550139,-0.560197631827047,-0.341153334509146,-0.630245321661406,-0.600553989912405,-0.229700649267153,-0.891150309281048,-1.78091959500341,-1.41215003801116,-0.152745446196251,-0.344570253627341,-0.815749713918135,0.131312767061271,-0.193159357169887,-0.389595160441131,-1.54105385604605,-1.6464596578081,-1.18643132340878,-1.37909190668744,-1.55378359528605,-1.54315819714906,-0.911416728780276,0.0389510290675948,-1.04755642865052,-2.09612582463424,-1.86381525075697,-0.925452590733119,-1.92757930283323,-2.94199483296202,-2.47372483279386,-1.45740791776498,-0.849230611694477,-0.774381611196889,-0.59761193945765,-1.18684031186567,-1.31613427473259,-1.32741235769934,-2.11837551189796,-2.4227495202919,-2.35693528720045,-2.30457607528979,-1.74510515432724,-1.73507533524426,-2.0844549636627,-2.1886895693877,-2.82110515256288,-3.28231848343182,-2.95621646476953,-3.24355531995196,-3.11148715752275,-3.18242831567084,-2.9926097504401,-2.34277551838533
0.135462850279655,0.0439103899869538,-0.398545900719592,-0.602207889610794,-0.672292084218949,0.242817209261161,0.0981080839053131,0.0266584440071366,0.242451100008004,1.05960262532208,0.971727127399454,0.414368346630312,0.0870983201141454,-0.0824481439275302,-0.235488928902338,0.0606784609877634,0.111067680721849,0.270297201244663,0.186026633770362,-0.0118814637515615,0.258140422430934,0.385226553119844,0.0864697668750967,-0.63042740916893,-0.800803812632347,-1.0312530951341,-0.260954906619402,0.10192527186812,0.367723451940813,0.419624252612794,0.274657857372537,-0.698675194244718,-0.654438300789892,-0.585681767881462,-0.121587836232148,-0.219065422514163,-0.278624259126034,-0.342095490068307,0.053954606592036,-0.541633129468836,-0.981122403210448,-0.949808300900906,-0.201588281721212,0.0478625852264185,-0.401114147448236,-0.196311936666473,-0.456653353364069,-0.550383196450711,-0.229428464662589,-0.526537805138171,-1.1513131987633,-0.832510060486217,-0.295791764420894,-0.0917449857072427,-0.608454022889349,-0.0315859612591134,-0.1379764072108,-0.321932145409794,-0.875619948141122,-0.896581767844531,-0.780268093230432,-0.906102776841855,-0.963724820477965,-0.905390323340092,-0.536789583565113,-0.0550411606987301,-0.903339753647545,-1.37058681938834,-1.09338029775669,-0.731973652678635,-1.139309636917,-1.95467322789824,-1.5833676602156,-1.2233140475904,-0.730296770563736,-0.297184235240961,-0.44769720344443,-0.589219484543651,-0.750547406576441,-0.974339700059456,-1.36830710572536,-1.64816870691189,-1.62073692885732,-1.53788184011452,-1.16556548723732,-1.13564317838516,-1.45030386277697,-1.38489117408412,-1.70417326514078,-2.03326868404223,-1.92398862594368,-2.04556233995097,-1.98029170382564,-2.0036925446564,-1.95200617815561,-1.41993065239574
0.125477643910471,-0.12962548886749,-0.329426989672125,-1.1017248946123,-0.665945155590135,0.195013843536557,0.106748320638347,-0.183128577710384,0.346767452375121,1.49908389555962,1.23374245120382,0.671257888564419,0.299192119742671,-0.297232324236251,-0.00197445298684548,0.322694894276727,0.135152571422672,0.22564102058602,0.0386730729483352,0.316718171441432,0.224329786492995,0.478072211336114,0.209991186237448,-0.556823743236402,-1.10857244362733,-1.00152148815423,-0.653747017120571,0.270353917861583,0.340007050949843,0.775739393239752,0.325915952938394,-0.943233934935502,-0.771020498679672,-0.602344527753,-0.116568468145636,-0.178238903665876,-0.236020119585534,-0.33256859659227,0.0187273828895435,-0.3511008954197,-1.2467689780891,-1.51392177373222,-0.331011580484968,-0.0770022566829226,-0.630317131032133,-0.242761155823455,-0.51448870463848,-0.487397255781053,-0.355625337808765,-0.909241848402825,-1.63174226517351,-1.27064697690424,-0.124534723301709,-0.199543899770684,-0.61501012118741,0.0238836704730542,0.0483867942937951,-0.372783754364127,-1.33418870307187,-1.19260438814873,-1.12502683312059,-1.26810779904297,-1.34982394476456,-1.14284647761011,-0.863573563698193,0.196801758139352,-0.846534586540102,-1.7470059266117,-1.51918929429392,-0.788658023002659,-1.57435153776891,-2.49664224174846,-2.20638924997174,-1.38342310376358,-0.685725250301715,-0.6379612272412,-0.679537142457163,-1.05960342310774,-1.12563006531885,-1.51112407689041,-1.88319009028226,-2.32302570624684,-2.23262049886524,-2.2453597819596,-1.41834409280135,-1.56871179002098,-1.99442176354928,-1.8396573319681,-2.31240055726806,-2.87103306478215,-2.55817892736523,-2.92628373713935,-2.61302452166934,-2.94082386942363,-2.770647564123,-2.07480504446229
-0.0591244569982347,-0.055714082699609,0.236670658973581,0.28085408244021,0.387291999422212,-0.0408373924103454,-0.0859917905449707,0.0483053873247502,-0.103413506607524,-0.478164941552075,-0.405769985674344,-0.0532248184412112,-0.0264753494573668,0.01320844456207,-0.00234740241814012,0.00824880849155252,-0.100169607335473,0.0270130914509939,-0.161309020947312,0.00962912910144016,-0.24621689217323,-0.1667510560995,0.0808629084307882,0.299985442691376,0.180578078257847,0.359863461727848,0.139771753456429,0.0720339004443831,-0.393911913556901,-0.0951799819822489,-0.147226759493154,0.394229395446702,0.212083668586918,0.216339232431122,0.0897439233612619,0.112130902804027,0.0527793250523554,0.252841838443366,0.0840213198145691,0.0443394412792158,0.402441567308581,0.536420139964995,0.0180355835763473,0.0925342910182454,0.175487708537809,0.274574541740207,0.293403314783729,0.0415566882518492,-0.176059641921608,0.173845191841663,0.644799521601244,0.245140690119242,-0.122941324658504,0.181871632882665,0.167384057063141,-0.0185854369694227,0.139063030533817,0.265649446144293,0.25482008338352,0.575697301338976,0.419197655144493,0.452223155538515,0.611159006236733,0.453878017833903,0.343361516528281,-0.0293745672639181,0.326787943591977,0.724720326706643,0.521294915028094,0.143317203505377,0.416015076290876,0.744631964096123,0.503779850666796,0.421869259506761,0.29312625858432,0.193121256645413,0.137858552353682,0.473737423018752,0.389491462143669,0.306390298667459,0.515906413460734,0.664766860682078,0.672478564006091,0.728436362188687,0.338915168799892,0.625622495668256,0.556981385468915,0.747648665523218,0.787159417694692,0.854828966023884,0.877101657234997,1.13294781750571,0.853973917513999,0.898081491094392,0.802983509039856,0.494094144327916
0.118369179328281,0.198796252836667,-0.139498965339749,-0.0822641775431782,-0.181156744949297,-0.145948353385898,0.182464771760592,0.0294496194227824,0.0768444046664282,0.349900746561044,0.342971349179942,0.150380838322014,-0.110184606465181,-0.0134403057210767,-0.0947768118963442,-0.0095186937360705,0.0764448190029427,-0.181389438303141,0.242198429120774,0.0748514840362566,0.0677143453458726,0.179611460770839,0.0284958281603882,-0.140427175738435,0.0170633887194952,-0.224852526786252,-0.131980719827428,-0.00225422089602835,0.186067965927728,0.0676320184698948,-0.0662716638533666,-0.22484652795148,-0.339491040787806,-0.0672921020855388,-0.228122257195146,-0.0219409306124304,0.125408670048735,-0.149504659590346,0.104560210804528,-0.143400911634995,-0.190303632925496,-0.403084176596785,-0.197899770587528,-0.00839234903652313,-0.115676927950623,-0.0862837627815112,-0.142288868279002,0.111924331326765,-0.00769453356724739,0.104496150690799,-0.242221215601464,-0.261544362751124,-0.111535666022954,0.037663061070078,-0.0524321921410377,0.00288503926992651,0.142068556907485,-0.0354607223772912,-0.393305943406415,-0.186042620380421,-0.123382316804613,-0.162720679246795,-0.312154506913346,-0.186465698187904,-0.285102168675026,0.0390546012978246,-0.179603103092014,-0.334648485433287,-0.31332580860926,-0.114535195589926,-0.073557200638085,-0.552338835502376,-0.357407076826354,-0.161036765320198,-0.432383476846702,-0.120281851303122,-0.139522518727563,-0.236217574305923,-0.40002615425658,-0.293626281925093,-0.0667606753528669,-0.353532207939143,-0.380987179639244,-0.27116773442236,-0.167093569684662,-0.301586098023895,-0.413235872976595,-0.377538356494201,-0.675126400289808,-0.537524672201936,-0.259797247399855,-0.60888453058972,-0.461384181404337,-0.463695672905638,-0.420336042066722,-0.295682443976715
0.175174236058247,-0.212962721157307,-0.611877661099524,-1.16349007393816,-0.933327089075224,0.232235252800193,0.199753901231824,-0.267125842890601,0.207438395020983,1.60830845804049,1.61331912489542,0.660435256076677,0.210587767944954,-0.401257855086728,-0.118876774023093,0.395175295437782,0.434073189924488,0.234235025606671,0.192655698561644,0.24855537895358,0.494924133102214,0.524297855701432,0.278465552894602,-0.86587605295512,-1.1852016607204,-1.13411308930198,-0.504321194061789,0.119376126466184,0.528791864832242,1.01893729962375,0.418091297845115,-0.903855700311036,-1.09056646537411,-0.854373525958694,-0.383361375133039,-0.165089083689279,-0.35055360759976,-0.671090274387553,-0.102147956564998,-0.329262072772694,-1.43887320982667,-1.78910441737834,-0.310376720745187,-0.0451917862869407,-0.560507454659262,-0.387406716103443,-0.732548487755978,-0.713424594900759,-0.00828080942285747,-0.895732247789767,-2.03601822815992,-1.37007703060124,-0.224002226195707,-0.324993951314581,-0.884203285621234,-0.0105508485790338,-0.177490639815453,-0.522618765293651,-1.35165473550133,-1.60674619993995,-1.30297456352662,-1.22657232488858,-1.4301398346863,-1.44814354355086,-0.888054038197229,0.0616950772233423,-1.16700908080198,-1.96413015624637,-1.86675537097321,-1.01986444705324,-1.61525346843598,-2.81738176999638,-2.53170131360826,-1.51757217552365,-0.882601679825809,-0.779850663652321,-0.667626774906494,-1.33118615478147,-1.15776135265485,-1.38324192609759,-2.00942456982455,-2.4005714593758,-2.2856672717608,-2.28269075293266,-1.67741213986257,-1.55697555220977,-2.05534475433494,-2.25460024580824,-2.9021024198197,-3.26330038811224,-2.88615449313618,-3.38507745242312,-3.06888372729826,-3.23056933473104,-2.94539487973607,-2.18618653803424
-0.0298659462893774,-0.204983800113848,-0.250241100131806,-0.770064356447767,-0.683560121830061,0.284535371285417,0.0516043168491542,-0.136609381028822,0.273020786983257,0.926052704661456,0.802139970398845,0.453127456261162,0.135386401354718,-0.167025091487563,-0.0775529105667835,0.261146143937292,0.179302126523483,0.209434820969353,0.131331009448027,0.132013178400544,0.389238707599675,0.496311240391681,0.150076343629972,-0.626989859147713,-0.761692616028632,-0.577309665108538,-0.426702512801618,0.0916869081075493,0.66063522050532,0.737029565516626,0.413734732143507,-0.699116601335677,-0.640138867829265,-0.334053062297147,-0.424514345594811,-0.135261906211295,-0.0381459196500717,-0.262922489997751,0.0213597597751309,-0.250002065454108,-0.944505121492427,-0.856608126840614,-0.302689882494774,-0.0221372903574571,-0.546786717186762,-0.057194818513348,-0.496240917543726,-0.460912618411957,-0.207049119060177,-0.616561788037109,-1.11674455521323,-0.794770505445609,-0.187587400648926,-0.220139034132177,-0.439016051627482,-0.0734208968310146,-0.0246917162279373,-0.468956881117813,-0.856956894140042,-0.956087959244089,-0.726896987568062,-0.847405940438765,-0.888543022946125,-0.819519509802954,-0.603922304487177,-0.105721598724957,-0.577545692606394,-1.20796285795393,-1.08027672006225,-0.534201042882793,-1.0724875944175,-1.64492501276893,-1.58613324475001,-0.870780092456067,-0.292190529052605,-0.548124374016125,-0.585331112122242,-0.594489406637872,-0.4316085660176,-0.750297696646322,-1.13573917549848,-1.59427457794316,-1.5174155258736,-1.25680031491332,-0.97624879155892,-1.2380162855649,-1.27769816200976,-1.33383527861906,-1.7751492332974,-1.95818414628693,-1.92959335501423,-2.1390430656486,-1.94158123580594,-2.16290577736288,-1.92051790031936,-1.27549489455991
-0.146968469391412,0.185062659048177,0.0475536840572039,-0.100857628001462,0.00829878910907712,-0.00636916004606607,-0.0512794062150012,-0.0211713626701058,0.000593530699498253,-0.334202927651218,-0.18488747600925,-0.0405742257777979,-0.113585541077764,0.0110886308228445,0.0665300072832419,-0.10924822670561,0.135162706676023,-0.166166454766961,0.0241268744527329,-0.0483897328518054,0.161116766523414,-0.0961049183859218,0.0483614296211762,0.12593581237726,0.292058201169568,0.142053781137676,0.0851842240502262,-0.0339144970257652,-0.0764844937382936,-0.235574122601291,-0.172401222253822,0.129238857926736,0.214758702863369,0.083466088851239,0.062294743351463,-0.0642589912129108,0.199695051369023,0.103192954661174,-0.073362619037141,0.166756853460116,0.121168695154693,0.180690296886709,0.261842261989742,0.0685333550299513,0.0848772435291305,-0.149272729710398,0.169354285572614,0.0573121337558174,0.10161212712422,0.00837720674961828,0.41188898130778,0.0734275833464474,-0.266862844125824,0.0359769800776988,0.213753313719872,0.0987163550774411,-0.0907711512453883,0.0993589496955933,0.286961478482303,0.146949013899826,0.174627669397453,0.388477416337732,0.104210336621046,0.342291005681236,0.178967960725075,-0.1221338543064,0.0811268761917813,0.342568075930559,0.322687702389317,0.174996195408751,0.308853275403586,0.476613361176711,0.329461601732678,0.140982416277585,0.164498945667063,0.25515616283983,0.0756599702604004,0.143036955430962,0.315731124001635,0.115554388107611,0.319058713775261,0.303503037019577,0.376304627067079,0.163322551863087,0.174809664967729,0.219025315439525,0.259651167733517,0.160254740199313,0.326447796496699,0.141669093653602,0.278572667271814,0.560692031586707,0.565550826783365,0.501463739781246,0.477692395559035,0.241494441100201
0.145884289665679,0.114208573877175,0.232787694931161,0.621698764681937,0.411308339863737,-0.198966505968253,0.0337944267574977,0.0537653804072993,-0.13454761009061,-0.822251673633731,-0.741657753644147,-0.47427391472213,-0.0744325397806615,-0.00726191325481468,-0.0547617920182469,-0.0565350519543926,-0.240380053173931,-0.204277840303012,-0.133644667893958,0.125755711694291,-0.0963707800917281,-0.22246706847576,-0.215685833305142,0.476775031644198,0.612263818862695,0.640661891545534,0.104565688390802,-0.149219013673319,-0.385255197147335,-0.401772762118153,-0.299095773656209,0.58332311176372,0.481195456905597,0.423030394272772,0.29764205620294,-0.0281719114611116,0.268850065162119,0.368114871051741,-0.270877503925554,0.171539620190184,0.739830614398505,0.792492144272935,0.0255930579803953,0.181535253237234,0.272899859621853,0.173067369646395,0.297926829830126,0.235980301794074,0.0828640044923787,0.579043706985507,0.823357666897229,0.685238015371357,-0.0168425863177649,0.125295438962214,0.465033075644483,-0.0310152367915475,0.107166556379103,0.227992836828128,0.686847603996236,1.02757754741373,0.533675277630215,0.777135059023824,0.818124108743977,0.63731277702528,0.435685531947497,-0.0650116629671808,0.605168849418307,1.05610299720965,0.987716279441186,0.422199205749667,0.696404334514006,1.33957056135349,1.19350907452556,0.741233813245133,0.410287662549979,0.324681171280806,0.31563075494339,0.515433510347377,0.540888251412249,0.747325874627393,1.1305970643118,1.28677244232785,1.01695170550987,1.15697761984745,0.81734959352762,0.813721692195891,1.08540380066513,1.07969518356936,1.33278618440045,1.19446555474168,1.46751137412621,1.53825673381723,1.41605685484595,1.63357275069492,1.40940958153158,1.09106390064624
-0.158333421759573,-0.035904888289808,0.208341537814369,0.625217727581413,0.434257598779651,-0.174662101762977,-0.0569219359842007,0.248468656855249,-0.250556940888774,-0.84673506849011,-0.717441493505175,-0.554258949420136,-0.0793919444531011,0.270129152777536,0.0938461460469752,-0.254989029172294,-0.211727330066335,-0.0711535466755992,-0.0350473078481444,-0.20788929006315,-0.532802131820227,-0.323561566426467,-0.011110737732924,0.609905407385255,0.60713281316857,0.654528947462892,0.390590988894902,-0.144402772349006,-0.441358732174058,-0.526492898595284,-0.234203890340428,0.382854172767331,0.62634212220672,0.469420291470588,-0.0581508151783464,0.221090839779897,0.286174179177958,0.274812020015313,-0.0212313818507005,0.344302489062458,0.795146792085488,0.913375386253268,0.337359393685862,0.16611246842242,0.240090269402319,0.297513449164886,0.238619406175413,0.376356074765144,0.158650125468714,0.660990117758004,1.00832542538685,0.633835717673599,0.210056293978896,0.189572629243933,0.523924968014701,-0.0390290660335478,0.0109603986070213,0.29791785494766,0.718552440252039,0.673052480098836,0.744678487474486,0.841079122992054,0.851728376136208,0.79149439005501,0.474770590173585,-0.0617328114854972,0.774503710139447,1.05738587444422,0.914415082608029,0.614056227146804,0.812549013141836,1.5097490183827,1.45442936617957,0.713616589008458,0.338797813186409,0.479494642692343,0.531440780518172,0.793136818809684,0.748634533297366,0.861768430605816,0.978786915831065,1.42131385381974,1.15893676310464,1.33603496154474,0.850491746003712,0.818137471426927,1.28485172037718,1.12447297220136,1.36035739327727,1.61822948173409,1.53062878302372,1.97448863973735,1.57868150399176,1.9634368497697,1.7866182312525,1.19870123052461
-0.0892045247895359,0.0252099104638203,-0.128655704961829,-0.0631423981675116,0.0957691711186421,0.0757665645862095,-0.0239797609402149,0.0803903896056149,0.0873029113539789,0.19538565227564,0.024547057532428,0.107088595547534,-0.0387546098352258,0.191451425309198,-0.0280529120835703,-0.0780579302833297,0.0397554286140547,-0.0669551447011593,-0.0732121278237093,0.129408569433686,0.0563842719431667,0.0574080882187471,-0.170089967318615,0.0473055684541638,0.0428276578678851,-0.0227128696820155,-0.0366819710049149,-0.0686405236944456,0.0666779464603319,-0.0798848971880282,-0.0532417646636747,-0.0087597887901003,-0.00878791317263769,-0.196686303935656,-0.170164250710796,-0.19281102865794,-0.0283346981985052,-0.149572368483215,-0.106556950950158,0.00586183769737634,-0.143252074154197,0.0774929586723926,0.0725626077574078,-0.0998269682174848,-0.0539022924389743,-0.0376121483133396,-0.0283052095153952,0.187668165813747,0.0801041702842429,-0.210239675814627,-0.197296229174879,-0.295011830946296,0.082280853038292,-0.0622080741610405,0.141803042117743,-0.101942152122554,0.0211085151336259,0.0937062225617467,-0.239909914277595,-0.116103631538602,0.0539941417402149,0.0841194793885886,-0.140867855051719,-0.0727537450208751,0.0903143613317474,-0.049808503223217,0.11400318867195,0.00639075525586009,-0.280338536726257,-0.0659351309790376,-0.0995719639991315,-0.25593947090755,-0.228468761496586,0.11099344677202,-0.135073302642014,-0.00986438337058145,-0.0616316215198941,-0.114482801923883,-0.174911016697364,0.123184867469064,0.044926406924275,-0.215518986640669,-0.0802025342023742,-0.0274262196970208,0.081952212020599,0.0719770584131671,-0.0380740087794575,-0.031214939085558,-0.0419183835484176,-0.0275142297293666,-0.166626366096616,-0.304420098744733,-0.0939796792925525,-0.34267659625209,-0.249983546628915,-0.129874669238541
-0.271223322553813,0.35986619683042,1.08378929964455,1.83533854384216,1.68740806440858,-0.409438194923758,-0.579573007064554,0.606314310824356,-0.677672055956698,-2.87902636181914,-2.7854962177453,-1.13065896612106,-0.161124275461896,0.502037568963521,0.272443813704922,-0.751255831357822,-0.831292374465511,-0.450809330567176,-0.435722554687424,-0.353127494932466,-0.668945591379281,-1.13959682221628,-0.146081379995882,1.69167699222819,2.35373366804041,2.14561028706676,1.11279782374378,-0.439344504486783,-1.09758974795678,-1.78136499177902,-0.649972133190617,1.78170022867601,2.09393504747661,1.33235849040986,0.643826733223713,0.0959814773172331,0.352570136582704,0.803379618595027,-0.0889707655914188,0.669672703083361,2.55540882820756,2.95902255338462,0.544385312778818,0.293897003069981,1.30988246389807,0.710390975532876,1.31468876867158,1.17340772784914,0.279290159543212,1.53684074082198,3.41477818244426,2.45079148770176,0.285957987357888,0.364177576600042,1.45950231035242,-0.0447235471296595,0.0552959590515916,0.816647766708162,2.50105068489112,2.95652625851366,2.12436074988886,2.60147383760613,2.69704246597969,2.77688636848773,1.64647005651062,-0.386765100886243,2.16412030975836,3.86945888088321,3.23696643767101,1.63193938629193,3.16761135915402,5.22568923874112,4.59186502525003,2.89014768266776,1.67587069910698,1.39864141907161,1.29924538235119,2.07295436115924,2.29583720507406,2.70463715868217,3.73495141503516,4.41292602087582,4.32950218695533,4.16326641306643,3.17782815700051,3.13307896528472,4.0293726216115,4.00424020902883,4.90006262267187,5.64707481512533,5.31209939327938,6.03337387418747,5.60186963112552,6.10211953840004,5.379656690243,4.19616619459932
0.0412470779406941,-0.0587473097899914,-0.264334756850574,-0.551336816975952,-0.385088049357217,0.0547858684216585,0.115228428972762,-0.0709246307834014,0.178285234060534,0.899594899702503,0.948697263698888,0.364794154445493,0.135058532043869,-0.130435673235908,-0.109345206978965,0.318262104769687,0.164226599669556,0.149302681593661,0.199319220230691,0.0514512260077895,0.0384943138412618,0.238749207119648,0.113165374174865,-0.511415770285006,-0.361567109752964,-0.612375025593353,-0.353086641515685,0.168812847633188,0.243688359717403,0.363815119804966,0.301951306143797,-0.258673834206735,-0.618139389228685,-0.32327244091636,-0.145965048343162,-0.0209007568499389,-0.0498022323149971,-0.270579039834809,0.113750533105548,-0.191320076878095,-0.658936240253527,-0.929892271684624,-0.220995269759228,0.101319772151357,-0.322749880133888,-0.156979193711358,-0.21213061572388,-0.249758720776753,0.0172617097484871,-0.511296030147759,-0.938632314582941,-0.781727759438009,-0.0965058508352816,-0.041910036717638,-0.374470158673099,0.0147508091675535,-0.116414069445855,-0.0479509808580638,-0.8438354971166,-0.591593861809533,-0.540262778965341,-0.695641467653938,-0.478660452818697,-0.567577183115205,-0.451283818794743,-0.140741558651459,-0.466977125129856,-0.976418273242464,-0.842935278310216,-0.52149691416291,-0.844606119271482,-1.15377331404279,-1.20698472819595,-0.915286018265311,-0.461751309421344,-0.389636854448947,-0.319281478368309,-0.540049045869493,-0.424208731217444,-0.606912850303014,-0.84115521667691,-1.14811626260775,-1.04084708149291,-0.980481491174755,-0.632331817240282,-0.726273449858111,-0.959554450605906,-0.813572939392065,-1.31101545307215,-1.5494744957101,-1.13964621091081,-1.42907350653841,-1.41268394870086,-1.55575008704901,-1.41656915275892,-0.915473160024118
-0.124076858669991,0.0903169298521595,0.523342388015716,0.809848107656383,0.611446314978738,-0.122262716328801,-0.124017833400255,0.276469123987929,-0.246076585845301,-1.00151276665045,-1.32775121359001,-0.372483518479635,-0.238191519666769,0.110185896488117,-0.0803517366349932,-0.305277995345419,-0.202291243692377,-0.230012213307889,-0.20979826942934,-0.0393144231412765,-0.285049857757518,-0.354652460804923,0.00194875599154692,0.802520985591001,0.863238854320547,0.918374607000989,0.440263507090141,-0.0745043819732942,-0.270065035294074,-0.683453566591219,-0.330228447948437,0.710614192947896,0.860643682729069,0.471290787367456,0.0316816422633655,0.200517168015564,0.335895676177416,0.33490526991762,-0.0514644341427421,0.272229418488613,1.1371226252004,1.25200982469712,0.214816439061479,0.100879717792938,0.528918253136717,0.310127974203376,0.553781270197577,0.270261940532594,0.137080221473418,0.774379357478625,1.52537931244958,0.926410835335593,0.20204079787761,0.129390930882278,0.432941113383031,0.192539864616122,0.103228114963344,0.143838911743877,1.15231107801929,1.13203098466621,0.969814338292743,0.958257186337498,0.991215618599109,1.13416412264141,0.768346632859268,-0.0517349197129317,0.699999703741475,1.52541119831531,1.41937694912438,0.669691531991557,1.47943506397638,2.05369238399361,1.95793508130193,1.20356609549412,0.719504001482736,0.561893170038493,0.410947063959612,0.767825364134653,0.98118038166513,1.26112615924509,1.64904575045079,1.98810130487144,1.69211244453523,1.77746354596189,1.40229407768196,1.39156868362623,1.72408588122584,1.52709974510188,1.88971373260447,2.42646510780205,2.18866207389149,2.54438845080887,2.35866965057658,2.47669647997609,2.22267881611627,1.64709537867178
0.0569499145753599,0.10822473062267,-0.0354888995706732,-0.403684952675759,-0.228912521814822,0.0403829911553894,-0.09439315778112,0.0353825803997097,-0.0223864445114142,0.269825662920019,0.342895241421881,0.266800118565796,-0.0132068762418716,0.00884394831883603,-0.0325350669156055,0.0158702719966678,0.279197375172551,0.156205960243896,0.0978620942318557,0.162876069855102,-0.0443944364857337,0.169278705574747,0.0372558391472025,-0.175642119747574,-0.204675629310508,-0.189629969089204,-0.093023327111768,0.0374392009456374,0.143606522488517,0.507716549636911,0.0876536229625644,-0.302250463988298,-0.275397919432237,-0.198726225609399,-0.168173563941395,-0.0257233349053961,0.0619839442832188,-0.0926602994608605,-0.0563900472282853,-0.196380782441044,-0.325017016503919,-0.403980302757551,-0.0231644054917549,0.103122789375907,-0.284344385069906,-0.116714248720183,-0.251711830356971,-0.109619922884711,-0.081248474930727,-0.258419594258122,-0.523854400992388,-0.248126325011393,-0.0613331751947101,-0.0527079362830547,-0.384445236150839,0.137381792265926,-0.0608222431692294,-0.149626953604483,-0.281801102214069,-0.460551630795258,-0.227680152073409,-0.218888366285925,-0.531409653869526,-0.298721139731394,-0.0640079584241729,-0.0857845176642961,-0.30505988187302,-0.431802237123546,-0.256795307547607,-0.204605577797942,-0.503849861752551,-0.649737136817,-0.454076385524858,-0.234509117526145,-0.0423409156886131,-0.168975363597725,0.0361985468964305,-0.334731439034909,-0.162228664374794,-0.135530972029194,-0.327355547299501,-0.516222944111775,-0.591254961702036,-0.39210188633188,-0.353659218851516,-0.217427042645272,-0.506266425040168,-0.430525446246253,-0.606481559189955,-0.741184354790251,-0.617003701186849,-0.662812799122396,-0.694272664700175,-0.727363263687236,-0.685188872263839,-0.285867817287691
-0.19446670206072,-0.0238355744664007,0.124616781515335,0.558002553261127,0.391693565102569,-0.0853965557296941,-0.000186183973575227,0.193825993962621,-0.20506073777818,-0.859288972335821,-0.799985873316236,-0.421940395389344,-0.203438928857874,0.282837003941787,0.0686434824881646,-0.357839016482015,-0.217010572281757,0.189715160691985,-0.101234043354134,-0.183204841205991,-0.337945630296126,-0.185410990061527,-0.0323424932521035,0.419215474314114,0.67281283367029,0.606606337701401,0.443171494351338,-0.163027323999673,-0.316926274900065,-0.52178308963971,-0.30224441791474,0.616448885460292,0.734911961443637,0.604975358277827,0.217679580071101,-0.0513755198471182,0.32954293074351,0.0541994118455533,0.085500287831711,0.315243218747295,0.989978575653028,0.884766583642397,0.184650638507193,-0.0201057210111456,0.484572438404891,0.397848556018102,0.520989969220204,0.333191513548842,0.0447099147117514,0.435631835154485,1.07167431540102,0.682040784154408,0.324302311429138,0.235212853683002,0.230721732406042,-0.162830692386249,0.0830536801369286,0.161458948583239,0.775482932795524,0.838828613058092,0.595315598501614,0.759686541768867,0.798024364456284,0.65106928572282,0.53335049924224,-0.0775535432030227,0.541846481556703,1.14157751816274,1.14421781761358,0.614133942161165,1.01713602729561,1.47350092482295,1.10518611233144,0.626768009313427,0.663442573688492,0.28312653121387,0.270726167741451,0.670670472374259,0.533271181556034,0.867999022406843,1.09641773841813,1.28033588256374,1.37708826127577,1.42123668030132,1.04689840173656,1.04261875647678,1.24017591203976,1.13989273274778,1.39838482890646,1.82962415542809,1.38287566782641,1.98812935873143,1.65965914335696,1.66229312565184,1.81036862731659,1.36020613036075
0.132558487160062,0.0425645206012273,-0.0783568223281896,-0.138883571683114,-0.11968112886593,-0.0087002435631325,-0.0275145907219649,-0.0198428408911916,-0.0390187546996284,0.0681806504951275,0.166885510446467,0.0513172434562768,0.0369649493025907,-0.175910867641419,-0.00672614976659676,-0.0378239947215683,0.118854487697702,-0.202730488089863,-0.0700687552217701,-0.124979081020825,0.0290592480622838,-0.0209713215049671,-0.0658369353787925,0.0105604136525452,-0.0148615888562057,0.0526161117870691,-0.13706777792854,-0.0986231744112718,-0.0121296681817686,-0.102389063099619,-0.0140671056814056,-0.137498530131557,-0.0772633825268246,-0.113386811644826,0.0119797027625976,-0.127332672207913,-0.141870826869308,-0.0255482001168917,-0.0155783766872841,-0.0330902417448267,-0.152156355145565,-0.0525769389926721,-0.319743591914731,0.145817031645038,-0.144212367971826,0.0879025194514716,-0.20781720867937,0.0484855944693684,-0.0411616691020333,-0.201924322981876,-0.252760846095885,-0.0713736079236917,0.108082735351062,0.0481750715581053,-0.00670435675072049,-0.00556994778992388,0.0999306760293085,-0.0821072540021556,0.0168407118425696,-0.127084655382877,-0.208939379996098,0.00287002571307257,-0.290042485133634,-0.249867115651543,-0.0288078144757454,-0.00884547591882796,-0.127261806488209,-0.162104181954371,-0.207170818967133,0.0786040682980812,-0.0353816144406317,-0.279726290856055,-0.242383312061974,-0.0856144637370238,-0.223313013489318,0.0440983830335911,0.0596639431535654,-0.210035225292786,-0.111154422034373,-0.191719417621794,-0.163274301077452,-0.149312331986505,-0.160272330561541,-0.0884791536049999,-0.439885452098343,-0.1448874302332,-0.147183030857332,-0.251385815457225,-0.17775901272754,-0.298908659110304,-0.273791236844421,-0.280312408814258,-0.313141274799429,-0.435286369477565,-0.314100897604157,-0.259087148168738
-0.0953766645763404,0.192197986414939,-0.0688741109853028,-0.35693989461087,-0.185358665854431,0.125300509699307,0.175720312696457,-0.00955871997974611,0.102104374793058,0.581706825393653,0.563584336654788,0.123824216009573,0.113671078708958,-0.0508345611429121,-0.313301239915588,0.2061596288555,0.257686005567899,-0.0128523241994032,0.0220370575097742,0.166082841564584,0.196058309789864,0.174935292526695,0.0502917045474061,-0.237568312497856,-0.267842069390447,-0.386028652428735,-0.188602901754598,0.16741037234644,0.0159775334299264,0.164965339726782,0.140532069594278,-0.21294876653716,-0.356928966442121,-0.125510875725038,-0.11104562572686,-0.0101372720274792,-0.0718484099215885,-0.0676344555479433,-0.157425409212254,-0.135017574167515,-0.343645191545489,-0.602855343543831,0.0651398833276803,-0.170358292518386,-0.283404171874486,-0.0384735789282104,-0.201675016111334,-0.13420533339768,0.00355698493354974,-0.330740121659261,-0.452722923635322,-0.362194050575719,-0.0410820157193778,-0.0383221265034882,-0.195372998777042,-0.163609755095245,-0.118944401590564,-0.0645748336500094,-0.615158823232177,-0.316474429673868,-0.285351735003953,-0.372007310076744,-0.384765726939565,-0.386801216325884,-0.106551572324131,0.0397277270979674,-0.33699037539616,-0.485654391305197,-0.457190270799874,-0.303106059376047,-0.487530258549979,-0.69743596517606,-0.609774254242252,-0.404003576001985,-0.340190707615926,-0.142291008825209,-0.0302938822376451,-0.468247351847937,-0.407240834359593,-0.420098268611243,-0.469145968857948,-0.676850844972326,-0.629086897609184,-0.645889638344415,-0.501916646250537,-0.57672597514459,-0.480025379927942,-0.630327632398565,-0.890057034916274,-0.927568817499741,-0.699919512041349,-0.977230877265486,-0.701711884945089,-0.748119589278527,-0.78942370721293,-0.781385940703213
0.0293065451747683,-0.10800066521734,-0.164168833688533,-0.134678721526163,0.00752699249096719,0.232975118824736,-0.127425061437586,-0.182233533281178,0.028359983946438,0.17180431356018,-0.0717984219132624,0.0775455073507087,0.036553387923109,0.00214091939727864,-0.14006673804779,-0.00376978526022161,-0.023435091237037,0.0347463594244085,0.0199034117350478,0.0717103292353314,0.139746099729432,0.0863303702836016,-0.0811512569072056,-0.109410978884371,-0.131661754297384,-0.242178881675843,-0.0637124332659518,0.0186648528363987,-0.07091694194445,-0.00593653518705779,-0.130885375908831,-0.243366596653109,-0.205756222620166,0.208028539429483,-0.16801183667444,-0.0581260474528413,0.0022306788176145,-0.0263079341979811,-0.0239170894349277,0.0601299837785639,-0.0360460840530511,-0.180562043857194,0.0779561317258435,-0.180996934715504,0.123013455541852,-0.0850789429199612,-0.0977342540388581,-0.014759625123595,0.00935979515856195,-0.019471588444337,-0.0749142532565225,-0.15349213260715,-0.0658692120494968,-0.083317807840815,0.0729259082581957,-0.0451502027360923,0.0733695598256016,-0.0276117463322019,-0.206590221075436,-0.158406284683963,-0.130173233389879,-0.114720770891471,0.0400488527899671,-0.0203082854017623,-0.138488548337804,0.0466516975905486,-0.15693036840882,-0.166002508528167,-0.103866456771368,-0.261846722220814,-0.0757972787312535,-0.208015217224202,-0.0559192318988501,-0.258747509393825,-0.188660250927589,-0.14854172462967,-0.0969446283012631,-0.065500884402687,-0.10876175957188,-0.35302403690965,-0.224290053656421,-0.0697321394642552,-0.170023478486681,-0.0776456691868033,-0.0259981870625705,-0.00417103868786417,-0.298751652969181,-0.0945430426615258,-0.100196754095599,-0.332932461882928,-0.203649950985951,-0.354872991847348,-0.22702826968301,-0.179960262479441,-0.215950879637004,-0.126313846537327
-0.0158200793205221,0.129891202909112,0.149863572870501,0.0465601635355203,0.119999065799311,-0.12454767290698,0.112903790179302,0.0182837680732017,0.0214554725696548,-0.204722875352651,-0.10590394667134,0.0806698732652659,0.0819708001016665,0.113040971866334,0.0769824368584702,0.084241629488628,0.045275623406357,-0.0488125002567874,-0.136198854993302,-0.079896323658422,-0.0324387908689989,-0.0109844647168745,0.0471100687362092,0.0510446688225028,0.048989152870422,-0.0555437308230321,0.0557357203372386,0.115596055341291,-0.169212747915204,-0.0740031746097465,0.101333215173283,0.0443376787137507,-0.0901694841993605,0.0825829709079582,-0.105511511509731,-0.0156296899291373,0.0878632967489082,-0.0202098815120374,0.00254741548081384,-0.087857865340782,0.144041148380971,-0.0662921172544649,0.00488272233741785,-0.0521514680319133,-0.0449009345316726,-0.0881097159066374,0.070439265292228,0.025623700807391,0.0423948978836028,-0.032936841147805,0.0284579879219815,0.151689786027389,-0.203231712562049,0.131941909567678,-0.0248148836985952,0.130369813761669,0.217537966047366,-0.035903910242004,0.0519256617395178,0.080223499605398,0.109925172227556,0.0833176274833775,0.0651749540874747,0.0778878365980083,-0.223348988684001,-0.0551573523847513,0.102443813020163,0.0659691911056938,-0.00393438883216853,-0.0240226244933626,-0.0272523579637982,0.037184851236272,0.132459563438948,0.232351002135789,0.0451737082216118,-0.0790403327991633,0.0831469545885085,0.0928355177577922,0.0994363701240228,0.0999163579917342,0.0237385885377367,0.0814889867863192,0.102858107346858,0.040694304167139,-0.0235763235412292,0.274077483531963,0.0871272302049076,0.232709043655206,0.332281223250104,0.112809558478313,0.0170888531373271,0.309204811134087,0.289079894466654,0.156153083430488,-0.0637360855087809,0.033907791648912
-0.0948283761581754,-0.457828727327049,-0.508194037551367,-1.42225999157339,-1.24643983382928,0.252377897235808,0.192701606517976,-0.45292561309264,0.457398360752866,2.15264574714101,2.0555683159567,0.962468332174799,0.182022359216217,-0.312013115073315,-0.350350028300165,0.282380867289226,0.542429009372252,0.574633555872595,0.310965829584786,0.240725163674803,0.663551336593237,0.985488275929032,0.40048261348345,-1.34411669151338,-1.74841629578231,-1.6875463372173,-0.904576801498841,0.202526210762724,0.747112273229621,1.24512265509118,0.485952416003452,-1.2872530503197,-1.68340730191484,-1.14285496595804,-0.627110669484547,-0.182528805861817,-0.43782545813428,-0.693601605588738,0.0471122694322695,-0.575247801689423,-2.04594447834363,-2.17050692507796,-0.35953746331234,-0.120618205522629,-0.90990159126371,-0.37508086919417,-0.865697605589147,-0.952445035487494,-0.121348413168738,-1.13487020566531,-2.3683694938478,-1.85337060030967,-0.267000614843276,-0.397061478005247,-1.09316537313591,-0.121170530587933,-0.210865268423236,-0.612326922385311,-2.08989705140672,-2.16374748984357,-1.66831690776891,-1.94684482500629,-2.10796711830713,-2.030354745884,-1.04362360778118,0.0876830538633917,-1.32671613184818,-2.71532596857043,-2.43645604281397,-1.08960046290122,-2.2309125891612,-3.76873776147522,-3.26854530431842,-2.08949050888433,-0.9839474154411,-0.94010052374613,-0.946565428441969,-1.44343497919285,-1.93485681897528,-2.01899405437509,-2.74901070727713,-3.39643536621389,-3.22816732176202,-3.19174286476493,-2.4936032394681,-2.35790694515563,-3.10667995578003,-2.80482375300584,-3.88897585368265,-4.20216443944887,-3.79862845283593,-4.51729139963073,-4.00994817951029,-4.4397878654599,-4.06908403631231,-3.04206979714109
-0.121102560858544,0.257099195961679,0.518147585139577,1.30052864544507,1.30450776908068,-0.376206197581496,-0.31990108850419,0.494765435117281,-0.61073584046027,-1.82868373015281,-1.75320690402979,-0.801236996484682,-0.188597337849868,0.19963238314199,0.222785404094265,-0.45038201241468,-0.371002303362622,-0.346411566654431,-0.375931798377338,-0.329913498347592,-0.485969719959178,-0.852817189064497,-0.145845265395677,1.02935507429159,1.43829737851948,1.47593634921467,0.631955686686289,-0.00977105949364565,-0.753320231813657,-1.24275665948686,-0.482020608758668,1.19431360371811,1.49142552148012,0.72299425947252,0.467069907067652,-0.0617303045563789,0.54720078467771,0.397622683318648,0.0246668325842885,0.579735996512069,1.84791854687665,1.89168975663686,0.511008069650465,0.126604254528495,0.794726453933742,0.70602572984071,0.739174753863341,0.984312969384563,0.176256367506709,1.16838580550613,2.22152281488932,1.63982075537365,0.10954560633741,0.373081659910593,1.1386297868884,0.21820776369287,0.110965613010071,0.483485573103712,1.86618387896042,1.75013071330887,1.56526206541108,1.55099627858323,1.75939988258186,1.78360776536762,1.13416580694955,-0.0428959606072903,1.23332476981224,2.54765103861359,2.01039936184565,1.04747887054257,2.07549072677108,3.31516298089026,3.09835995818983,1.85612047257825,1.29147539918606,0.789648011725716,0.651179678025242,1.38627015872824,1.50467562256023,1.93195991760516,2.49515340995649,3.10618727554184,2.85341297835322,2.69910899278729,1.9945865113417,2.12942880640264,2.73924073435558,2.62898439716834,3.39338005708292,4.00193563825639,3.45976906264525,3.99155936582227,3.73724729698608,4.05422582128712,3.48986160498328,2.78082139233685
-0.0446041420655869,0.249052710589641,0.388128911232781,0.591542487815691,0.436986305915719,-0.079089481178763,-0.17191332842321,0.549145117571518,-0.187268382006748,-1.05028482261943,-0.854502370682331,-0.468776477530978,-0.0299595482854327,0.111320806225149,0.138629079102603,-0.291650456367799,-0.219012897609896,-0.139710565438154,-0.143863979830129,-0.130806868224434,-0.281191888915913,-0.38449382577382,-0.218997767963372,0.5000418014555,0.698692992665364,0.69611914480109,0.291281766059113,-0.159754739404784,-0.312299586062709,-0.436168325893497,-0.150707159036144,0.510268815071913,0.806439024018587,0.402840888036566,0.312745321115423,0.0366534856688592,0.236920340816938,0.191749905758649,-0.00990711241171969,0.271377115469567,1.13627016529345,0.81442303578697,0.150102578635335,0.22642101191823,0.50610563359791,0.24052183648214,0.445413732050343,0.443096847854165,0.104912954832,0.712957188831997,1.09082894136162,0.869230987387673,0.0484233122977669,0.146616012172926,0.560562724570711,-0.189838529730921,0.099774970058778,0.346733053527923,0.730197088452777,0.788400572508838,0.802902025173271,0.968701915445251,0.674631879462929,0.926931202685691,0.724334469966084,-0.0881162556869045,0.61605318966094,1.19239325121581,1.12173412626487,0.487531320950366,0.853243146231015,1.66597705624929,1.60784237640208,0.950149769672612,0.450867350609721,0.611571247988867,0.205323775172042,0.556801057052132,0.812249929437604,1.04774819955158,1.04906338602834,1.53768148816226,1.38652710698287,1.4925371209614,0.856557870275753,1.0118888142521,1.49270883503703,1.25260976239073,1.57164832670521,1.96005342563765,1.69042142073078,2.0747721895921,1.9425103069704,1.89686656737494,1.83721418794152,1.49952816710023
0.00599376438291432,-0.0245297066683368,-0.43603982904272,-0.931458728198055,-1.04624749111009,0.0500176994476255,0.217927599964775,-0.477162278007477,0.34457161287253,1.23989458341566,1.15570379597317,0.527062577863769,0.264477561608164,-0.353268554590335,-0.178715276902641,0.340310901459312,0.34722929949518,0.230385683268796,0.255519961524219,0.198076713417318,0.144273377054723,0.488482580728733,0.322498018172795,-0.690850953659594,-1.13373940740986,-1.01566422240522,-0.460438791027128,0.15958445919133,0.368473860872039,0.800211198046693,0.296250392475105,-0.952568128033746,-1.09070726285302,-0.81846279849861,-0.236134427673738,-0.0347730807116665,-0.24554777202157,-0.448835451356346,0.0342376581839561,-0.479297757603991,-1.36429934647836,-1.38430203219526,-0.170320048386019,-0.0315165653202109,-0.59459555176888,-0.307951658354642,-0.486388368055309,-0.730130687283934,-0.241886187422818,-0.783861000769684,-1.66162339930638,-1.05019640667654,-0.269498305436827,-0.282548974125166,-0.745298309315389,0.0529795385569847,-0.0186602304515184,-0.741384269397238,-1.06846657614976,-1.37790953449362,-0.906037875201591,-1.16868502123613,-1.17621432566588,-1.31017370669746,-0.864357662325526,0.00936140555075181,-0.841876135628011,-1.69638291553878,-1.6500513418081,-0.841208529222087,-1.34079732489668,-2.38801412260753,-2.04225540936432,-1.29433133925158,-0.734550314762567,-0.615058805944089,-0.466162149281589,-1.08280434311165,-1.12007320188618,-1.27843365123273,-1.69134030480755,-2.30760279939031,-1.91987184398115,-2.17249152776943,-1.40587635801513,-1.46112009692134,-1.80767076972012,-2.08559841528061,-2.29116058900094,-2.7784103802197,-2.36891606430581,-2.7266429190789,-2.40438916020738,-2.9945290337327,-2.55886317248882,-1.76849930810817
0.13743449304227,-0.178465538473992,-0.746204523913115,-1.49804605304359,-1.27291515253572,0.154343485127421,0.266194534195175,-0.474201883353376,0.59021344800329,2.28605838700572,2.27299383642361,0.852600590853473,0.346575368171653,-0.413606355327315,-0.120327493752971,0.573443162679755,0.597293468163772,0.420955268920057,0.291058542253691,0.26116229996066,0.51375030778014,0.813818577985756,0.309375813909745,-1.14812583660748,-1.6399489351846,-1.44622315420372,-0.823600043388495,0.0410942680772332,0.753275590882366,1.41430499357888,0.490387025493686,-1.31517643605088,-1.39823057237617,-1.03698239536753,-0.618592952841059,-0.252359866146725,-0.264072992438659,-0.645706026323845,-0.0201935309729522,-0.488252872173085,-2.05559506032985,-2.23702357393128,-0.432537025023792,-0.000550771965495481,-1.09393847117077,-0.677772937566534,-0.916426379553977,-1.12779732027389,-0.291638427642351,-1.33923881227839,-2.58237617784185,-1.723885309927,-0.308903167757911,-0.36712912276078,-0.851297332782536,0.0581153446969179,-0.192260584190038,-0.527272277136236,-1.95204538543429,-2.09668527236646,-1.54555725137694,-1.76752515340695,-2.05870428173517,-1.90931836344858,-1.19702083595963,0.0157422879440426,-1.52076303523924,-2.65575154498048,-2.57749911701704,-1.35898706919674,-2.42077335729705,-3.80831750169566,-3.34913400450241,-2.08940313189376,-1.34706013547348,-1.07817585476479,-0.793456077977044,-1.6607399012371,-1.75651300037952,-2.13388240237897,-2.69859829754893,-3.19649239932139,-3.11044919811106,-3.10857982046374,-2.20644612133433,-2.17801949536414,-3.02050762528868,-2.77025739744169,-3.71533401899371,-4.34719906030135,-3.82462178314378,-4.42576747371332,-4.06318911955537,-4.40087134118455,-3.95015208590827,-3.00213589598711
-0.0605393132519924,0.0180490552818289,0.062233872598352,0.349487768365842,0.271338423239926,-0.200925065186136,-0.191937417046109,0.166598115844761,-0.286704228174222,-0.562726732740199,-0.379294361010309,-0.0761146582195691,-0.11199056248825,0.013942866453158,0.02762484652324,-0.119088967552845,-0.0654111644320378,-0.165633859637301,0.032872043873025,-0.0523575971651756,-0.31842126101907,-0.0789446388204051,-0.106533463590244,0.296892282385907,0.258428597686867,0.369324386695019,0.345786616024456,0.0503970399152678,-0.19606824860703,-0.362955110934076,-0.0546924303667182,0.258291958672716,0.353119687519598,0.378208559290844,-0.0427837531044863,0.176940039649459,0.0998687072104784,0.118902437765546,-0.124452487728246,0.209609021152656,0.620945139829672,0.663708345049235,0.083254718102537,-0.0291075305166008,0.290112919121718,0.0855019562635762,0.130604974233287,0.226304753430192,0.0573878137506577,0.353655176598249,0.457332810910893,0.430066374218968,0.0632059006202669,0.219155909215864,0.245551892295534,-0.148274375919673,0.254289430950461,-0.00546085951574005,0.706782165002641,0.663066570727043,0.385206868732416,0.506234273387947,0.469365468563243,0.415048237212017,0.193041578969912,0.206665100647242,0.409325925267101,0.737117131248431,0.619511760688677,0.252232044344179,0.480823197343938,1.06208592366184,0.990468080479522,0.548663063095385,0.310932564790928,0.318550189878362,0.425230579442142,0.363869665438688,0.376223109995439,0.619536246070567,0.676340048550211,0.882990919605583,0.81394576985237,0.904879232067601,0.629258504977481,0.607854551652156,0.698203191223831,0.676761369442547,1.00906140428694,1.05394033679954,1.0035711091533,1.27192144986386,0.978306678724292,1.13752434971874,1.15433914428081,0.735150123105433
0.0267987368925906,0.24058506649418,0.253313324862516,0.643788039620606,0.530345300482179,-0.0655584165438312,-0.205641736311234,0.210910228717769,-0.190103545335637,-0.949361660032753,-0.852100981221978,-0.591297790393051,-0.086856331353275,0.310548032586687,-0.000142115085609809,-0.108369069316409,-0.157029998109107,-0.0988638843553286,-0.209440580001157,-0.208962768388091,-0.308372160858233,-0.324774173146013,-0.0894358084176504,0.598818001026976,0.71989470845289,0.584340994165075,0.413205114241517,-0.210723250706335,-0.469638476967108,-0.583648562905681,-0.265227687998297,0.554706384111139,0.54287628342138,0.394979170773684,0.24544948179404,0.131375014114119,0.218553660413325,0.381265005057131,-0.0449824481932172,0.371870346396788,0.800634005173738,0.866964415100233,0.20910971888312,0.0552533788285354,0.405151150020275,0.253043583236167,0.339459606895536,0.371694279109141,0.1008074819917,0.430228979103423,1.14313416885856,0.742541898615666,0.0315667275330944,0.248838246267886,0.480381309893273,-0.110848003571512,-0.0266865156376531,0.251925136523209,0.849829098353807,0.7532570885442,0.644943589732276,0.636240999583465,1.052666431724,0.686625903939697,0.512164889381598,-0.0283807470381244,0.480335272966493,1.05560173032844,1.01984680367101,0.530862045042319,1.01798393217667,1.69943306519724,1.54811604274855,0.839480546589337,0.657490565123028,0.421625769652148,0.331578145171094,0.773499075881989,0.653361396663353,0.908389804059416,1.16784200302859,1.283110049817,1.38246404848972,1.39923027616946,1.0009930630321,0.93831868174374,1.20149772124672,1.21834766258107,1.50111491304164,1.84287618314044,1.62270772776,2.09995882665241,1.69410757213773,1.9608282175769,1.60351781071426,1.25567202577595
-0.0834709492066094,0.0300918206594254,0.290578627044007,0.644974939640887,0.740025342538126,-0.0996008879576161,-0.100640300413017,0.195545947695673,-0.269413407608589,-0.981626570435646,-1.06120788289151,-0.46979030116798,-0.125339972753943,-0.0124027249171355,0.0874920035349023,-0.189528047501361,-0.260776269126725,-0.154242113110217,-0.0971444777162992,0.235488262020959,-0.301675968518006,-0.437057512575177,-0.0817013687926123,0.630573644827124,0.836894565863917,0.60302547538437,0.322128001534423,-0.046971960068917,-0.330658096053186,-0.531708714169847,-0.136402870517916,0.565762135459667,0.567799647340767,0.516059597915373,0.331293968973166,0.0101257618682085,0.281800016466363,0.341386268039927,0.0292068074469142,0.229985496467064,0.782372817878107,1.09655279887206,0.198808448103249,0.0446268582069294,0.441750519813065,0.299252557199811,0.439026333538441,0.271514935341042,0.183293676050968,0.619075639945821,1.27529742641272,0.871410058341892,0.110626536180126,0.31235637439667,0.617928672170624,0.0244259420022505,0.179556009471106,0.554714468330182,0.951186291801735,1.0609842097589,1.02893427881469,1.06154334911263,0.889847813345178,0.753340112798939,0.397627057477952,0.000519195673983164,0.545623335961254,1.50885329417869,1.20689259288317,0.538956157894225,1.12569700347627,1.83927938194228,1.65124299305427,0.98888185125149,0.755104481590175,0.421100530484944,0.395225949777506,0.719922840846357,0.92867723074495,0.979305363529517,1.53586316613041,1.74211968578226,1.63572309983284,1.61259039154836,1.18732847204838,1.31189195401747,1.37937301159514,1.55822471703315,1.7233977361712,2.16255335355817,2.04269590066196,2.11089147895761,1.90622689959674,2.26123881419954,2.12562074894872,1.50047340617765
0.00387546668515322,0.0965890037308394,0.169810197184,0.250593909404478,0.448476894379992,-0.116576155551057,-0.264987721100201,-0.0818664689803763,-0.017432891866932,-0.410591526415279,-0.334763341699835,-0.135435445346526,-0.0505818193637818,0.182190948395229,-0.0258885447699352,0.000738629705614932,-0.106756880371241,-0.0356303714145519,-0.381571506023305,-0.0374196970573879,-0.185621993778894,-0.277789486059045,-0.0482478270903897,0.199529283807124,0.149115928888277,0.354492568574057,0.190030957380668,-0.093472080417075,-0.0544671027122725,-0.376341315664226,-0.251089417427658,0.12898479249891,0.201347346845352,0.266176548824568,0.0695745363931488,0.0814829338278109,0.053132342958518,0.338677976394435,0.100046981050146,0.130636733941035,0.190880736241074,0.442360878170964,0.131955595553003,0.03679459875794,0.181410384466924,0.117237746995657,0.220744524331656,0.194491198301412,-0.113828869351362,0.227339815500015,0.527253175948215,0.448030992882365,-0.028093186543098,-0.000264644254176091,0.140819930532325,-0.00980227359477885,0.218591848994367,0.018134025372684,0.398445866744259,0.361951921902059,0.303179714417836,0.386163695341589,0.507585290870111,0.465149956128293,0.160881566068432,-0.110032145805203,0.238721087933574,0.430954376991447,0.48413934550505,0.0345809834046105,0.331450759353078,0.562937818727648,0.709248970489488,0.542829869143438,0.264309224086085,0.325584895890787,0.204610794729689,0.185662666820935,0.347737235953646,0.433735884580898,0.342149995152801,0.513021207477538,0.65100948110167,0.470291339332655,0.4484436354799,0.369722946510903,0.484673499449588,0.54601313861621,0.829845384975997,0.610751856207286,0.664023361258984,0.875311524265595,0.770799251682836,0.696412363461443,0.638005198792991,0.643884511346583
0.160708456514234,-0.0346920766398723,-0.232462948576266,-0.132725176554363,-0.0654721995007415,-0.112820980884878,0.106755455691728,0.0752818546743242,0.0572424020877876,0.263578213326781,-0.0153997009752465,0.336353771435873,-0.057482890037716,-0.0497404064089594,0.052042235693009,-0.00551533245912821,-0.0145738862777336,0.0127618330360749,-0.0240700208247988,0.0560409853297308,-0.226706616320286,0.0824611605847289,-0.0800448980898567,-0.208733843962682,-0.0659158273664837,-0.0338939481524798,-0.0225195524951995,0.0452310914324671,0.0809170860076279,0.21456230038188,0.280150206834722,-0.175062725989019,-0.364778222762116,-0.0846952018996255,-0.00163014838835469,-0.00494468286393135,-0.0184672854130416,-0.123540106905377,0.0381256326904745,0.0555156799402148,-0.034738045230516,-0.0556131956072647,-0.0821248397205609,-0.0843575825492943,-0.0453659394057456,0.0943656627641747,-0.141321234250244,-0.0919500212200629,0.0108931260744192,-0.0938209737549706,-0.124027380244294,0.116672907798183,0.00512086371075688,0.0940198719579296,-0.21050303602167,0.0182399778382622,-0.12568478004541,-0.0115918584756547,-0.226319018258192,-0.257681273539975,0.012024255751571,-0.339927065758119,-0.17730212950918,-0.0963647261059339,0.112219332180417,0.0566732500296778,-0.038045962786637,-0.123228679958969,-0.0887199549420725,-0.274379687690313,-0.262551817207085,-0.180647647361808,-0.18007558556083,-0.15350327318258,0.024442804283563,0.0766980992146696,-0.124792195560264,-0.0669825718052764,-0.0686991281133934,-0.100563262517266,-0.181556957043109,-0.154684672834513,-0.10209080240862,-0.0945222660457745,-0.115556619176531,-0.218398768760968,-0.197567120607276,-0.243334114777591,-0.27746749978475,-0.267832172219065,-0.146053395047723,-0.288249916319244,-0.194673970323965,-0.331496724563567,-0.0975578311044571,-0.193892800727179
0.0348497458369228,0.0730883309827637,0.0144982314872572,0.426231081722088,0.202360980792372,-0.102748539177676,0.0569140026508781,0.0889762868387475,-0.225327912151033,-0.37016308033268,-0.363005202347856,-0.0962084760534712,0.000150876979761683,0.109471188227491,0.0182557097724175,-0.105487444542854,0.0744614845961846,-0.28065316814984,-0.115224416386392,0.172473906397282,-0.233451537865781,-0.113511433298034,-0.0727060746025028,-0.0357455186222876,0.138430900674122,0.414027529417649,0.145688531389731,-0.221778988143506,-0.237521739087648,-0.2658750029269,-0.235408800753373,0.383892612545321,0.363282387289414,0.246678537530029,0.0544728728925023,0.0502013772269763,0.0596277774924036,0.0332542927757593,-0.0122781245670636,0.208622614332258,0.415176502085081,0.583076134760774,0.10134566087681,0.0554492508148319,0.244578310414223,0.0232601402844643,0.207662757472331,0.424339484040073,0.242380641393337,0.317281692938467,0.750787816167904,0.442050707803951,-0.0650508637127219,0.0900337839315606,0.152904732175173,0.16160282658158,0.0298516251826939,0.192330566416241,0.458527856718518,0.504085035387285,0.441220078748212,0.436556001715739,0.525531713862113,0.349840974361228,0.229365055737883,0.135683388893202,0.357107041941642,0.750787183349138,0.640207479939928,0.406972631560593,0.684384477037025,0.939807967661663,0.965516172478716,0.424423008339166,0.200311668259944,0.256693125687719,0.36385284044317,0.344441747152341,0.449996475803135,0.602720996636672,0.784491262651354,0.991572523789261,0.7855340097105,0.719951635587389,0.753041822377509,0.438285621935101,0.757249725544583,0.839917637987454,0.864984379610011,0.906971025930217,0.876149044263433,1.08548792065002,0.999105989224524,1.12974050897117,0.833308156915988,0.807928101360075
0.0306523118629004,-0.153061174398428,-0.246598558673761,-0.458136744675884,-0.656992994372157,0.0543209068105522,0.163574907101378,-0.245913141366516,0.149904888516905,0.948708007489295,1.02356599302245,0.379760684395377,0.161114785033939,-0.20557637182431,0.00516280559672919,0.458252667522772,0.367020302048129,0.117459881544894,0.142191833674677,0.0626870524031047,0.246244014359169,0.318107635753414,0.0290106328798141,-0.696764130699506,-0.760634139523795,-0.876096822023003,-0.287874504592512,-0.0153822422197957,0.411979996979389,0.708558229554586,0.260229295895664,-0.514213690796026,-0.75200866441531,-0.321235377030815,-0.11908834889491,-0.0314737222863528,-0.246928334454908,-0.218511600914965,0.0903073817467327,-0.526876550309559,-0.957576388322416,-1.07186503881768,-0.293574433476648,-0.0225906363747614,-0.329421668562066,-0.254977671707192,-0.420371099467157,-0.501358718739966,-0.0384373762660422,-0.632704650744246,-1.09010983687469,-0.843209709849828,-0.184492980248501,-0.0873222826613824,-0.468760347960539,0.167277447036313,-0.0150080320814333,-0.246064620900547,-0.720050881595612,-0.881966538339033,-0.962736945178687,-0.892785675023073,-0.901702753629605,-0.737378841869544,-0.558337090111229,-0.0884722452422647,-0.604154881684532,-1.30600442584436,-1.09702296153832,-0.558604189156257,-1.03311084191286,-1.69190714196672,-1.42802188530331,-0.766886406676107,-0.45385929114073,-0.536633954485115,-0.488385713378851,-0.707777173798807,-0.558336514422216,-0.979437946689768,-1.21793306876728,-1.57961793451361,-1.4274392590708,-1.31496149609083,-1.11486298672204,-1.15878335473504,-1.36598328690806,-1.41914852759684,-1.7362490216268,-1.96646549356802,-1.704286489231,-2.07406886506319,-1.84199942242652,-1.97897546784101,-1.70615219405825,-1.34236744656218
-0.128684633057185,-0.0539387398411158,-0.177819164560894,-0.332216787035964,-0.506423138485769,-0.00899072365140861,0.0900132939204997,-0.0551921695838655,0.126285138707384,0.78872480905029,0.752838282610209,0.348544661167629,0.163248062907075,-0.0452003200807154,0.0808709554105157,0.302221551757405,0.137732147062357,0.0882050130273322,0.0946484720058815,0.0457004752070046,0.184279988841862,0.390619530459829,0.166955645324161,-0.529505825257894,-0.810268148392966,-0.404142622350226,-0.313635834241866,-0.0204383628386348,0.220114171754916,0.476668442209096,0.412637459672402,-0.421134459674501,-0.781901671157065,-0.255496772106798,-0.0420506970271688,0.0226564932118268,-0.228035719551201,-0.312288535411661,0.0496405492054215,-0.224724954514767,-0.827067684718108,-0.855752524846602,-0.182459301030469,0.0150393882677198,-0.312106227042291,-0.263365577865303,-0.329278897984817,-0.321620432791586,0.0917790151811705,-0.399504980327448,-0.760928845563072,-0.593679369473283,0.0141399423852704,-0.189471423324988,-0.27033037666437,-0.0880406419142981,0.109211981811974,-0.297580304778331,-0.581094206283065,-0.825232031047975,-0.48269767763896,-0.773508566458531,-0.64989903285344,-0.91239105757951,-0.315862153911761,0.0509540560856659,-0.537171479205162,-1.15735258616542,-0.79488031701993,-0.51421073401087,-0.866420139346493,-1.19673043754021,-1.20248312034202,-0.813650428427414,-0.56029771158478,-0.347056408888189,-0.274577790816967,-0.500204656290388,-0.413856418913215,-0.704511718803591,-0.867993388429026,-1.12214893001173,-0.970030536944426,-1.08167941973,-0.738621396011663,-0.941391404371638,-0.937613130591578,-1.12698393226468,-1.26854403459668,-1.45972873293631,-1.07773160277506,-1.55568752102479,-1.45640040323186,-1.58904795172446,-1.32202170455241,-0.894823476762298
-0.086785080662683,0.189431767315875,0.675987864159925,1.3561439606167,1.28672589453226,-0.225338366575368,-0.363921410714127,0.511379544067231,-0.551395074602523,-2.24049251072088,-1.85131229252757,-0.960857690297978,-0.321701875694825,0.405154543824598,0.0366248312235196,-0.539918455760707,-0.35157593763672,-0.416891460634585,-0.525967836000109,-0.21936203815258,-0.674858557364795,-0.801030764522559,-0.414281464040856,1.04364067355391,1.5584401844512,1.53891587783111,0.844046089985122,-0.103231125760884,-0.677875946679029,-1.53694554255703,-0.584326018271272,1.21954237679656,1.52214071984829,1.0468063672212,0.407764161801061,0.189395270131983,0.318582860317068,0.563191790767223,-0.043625234375457,0.54838481840265,2.08362725288771,2.22604267680039,0.28631210093715,0.0145413447506305,0.877975645509202,0.494838203396442,1.0897494233402,0.900340047881279,0.382962127059934,1.19913018535142,2.46515837319053,1.8771286892547,0.309059472196414,0.448861547085949,1.06362724718309,-0.0724904841377352,0.179500781161905,0.512868734488173,2.07742174526881,2.14704987593547,1.77962751387137,2.12407620525217,1.90940117593338,2.06835985315311,1.05693851896513,-0.0763974373353055,1.36539567528877,2.80921607581495,2.41061134522089,1.14264634720585,2.49932539014985,3.8422284845699,3.29233078943146,1.98641799031594,1.20901377839594,0.997960621978023,0.884530961342446,1.50440760386897,1.69457221346657,2.07147933220947,2.71961078882566,3.33713415770539,3.14882600860371,3.17857904342054,2.39017946294726,2.40916377722398,3.22042455604778,3.07123457546231,3.68944260809354,4.31610432104935,3.65317109005339,4.53338188856394,4.02072641260991,4.34728721355767,4.04719928185332,2.96569695695261
0.0985971866857166,-0.132524187225396,-0.238923507694617,-0.479098081076324,-0.61317690356384,-0.00987036879613132,0.215152320923199,-0.293087777633196,0.136514659038657,0.859681932990718,0.994141376417232,0.366999692832812,0.212366030980937,-0.0768632800550871,-0.117639035098142,0.172615421116009,0.242159768900782,0.0267798515293855,0.239678419722517,-0.0209125150665612,0.193994792392266,0.314663393844101,0.169479163189507,-0.623671657868427,-0.68631787268107,-0.573963918239379,-0.495441566326903,0.179273541143314,0.321636820750675,0.531631188834332,0.210649531428916,-0.653895899262071,-0.692350398515031,-0.551910062034353,-0.249276991831539,0.0037241205046548,-0.307867665982979,-0.254214916986243,0.15172660887659,-0.289377877262668,-0.801931394547798,-0.817447485535537,-0.0240019401451644,0.110689874056075,-0.648947662785688,-0.26091606263872,-0.376849313129851,-0.49048348153396,-0.0210112785226496,-0.572184641997629,-1.0422274580855,-0.868408325546702,-0.025664408778115,-0.272236308618286,-0.417124791629124,-0.134065593799054,-0.082629123061503,-0.261052770649726,-0.843739793612893,-0.937034467361044,-0.644743862760837,-0.907207075839749,-0.937986769189638,-0.759183694375593,-0.624707697882037,0.0292018184886679,-0.634047432857307,-1.21488366292602,-1.27184345018459,-0.540082683002822,-0.984889998602838,-1.67767800530455,-1.33303638040859,-0.710704606334738,-0.57256682119858,-0.476789044782581,-0.348397832264457,-0.597836144641173,-0.653102768194295,-0.648431165372506,-1.19122609611038,-1.44562771125235,-1.39615583628187,-1.13430497366696,-0.870965518178318,-0.913569272929717,-1.19424137394697,-1.26800455875096,-1.58870978366781,-1.75723516447929,-1.48240208808523,-1.69301982156159,-1.57308156709043,-1.72028472842179,-1.62637705773355,-1.34813585868096
-0.178081600842291,-0.181960655280112,-0.167123141513498,0.0150510177580604,-0.0766677176063355,-0.0407253909738233,-0.0509878783045837,0.0149249232692169,-0.0296126538216924,0.148176754984284,0.320070383331429,0.0541003879750161,0.115105360504719,0.0150490433800642,-0.242427131490075,0.035813752593027,0.0743261709603808,0.174033226419917,0.0456773136021816,-0.201935069932498,0.0979713928253674,0.133546765031735,0.0314472141139596,-0.169817366641885,-0.201850357506448,-0.216579761418649,0.0685912022355599,-0.21799713122121,0.0999493146380906,0.126113583398332,-0.119101479497837,-0.0770377911774448,-0.170300187740819,-0.0756390477598296,0.0547261020474449,0.230812235424479,0.00198055408450842,-0.0987203522259488,0.00410245387050813,0.0579037017794356,-0.151956026298065,-0.344982880793155,0.0542976201007316,-0.0450825946085766,-0.0358610502752196,0.0535476858553017,-0.105289474019631,-0.200510738958908,-0.0604038173811528,-0.106137495878496,-0.00478207330359323,-0.257459328067339,-0.0749381334564586,-0.135154336176645,-0.0606027210324898,-0.0938657338289868,0.148758360084722,-0.0500139934492134,-0.107494924465389,-0.177687354668646,-0.0754989496232416,-0.1134732242852,-0.176968408986811,0.00175207905759203,-0.0327342029864698,-0.0193967124783977,-0.10601299461181,-0.343800945686023,-0.183476479076318,-0.0927004624596805,-0.185857227710501,-0.232439313767486,-0.311145874631703,0.0689974260114872,-0.0634591183137286,-0.390114964622167,-0.181726085166048,-0.177117666957597,-0.22964160718347,-0.186844627758114,-0.116051192464254,-0.0792063341509717,-0.198661700573676,-0.217418556547216,-0.347162667300737,-0.25669376125718,-0.165170556849324,-0.145103908042582,-0.221991402104859,-0.369490004414046,-0.311729668655728,-0.219010640230264,-0.361669015127928,-0.340015366103917,-0.360498812612694,-0.220110599410408
0.0158668156239124,-0.234773015498825,-0.420913962350129,-0.829824107360631,-0.816191137471198,0.248456257376439,0.273831176874774,-0.338564401469457,0.267510141060721,1.1717969294682,1.11887241197042,0.535301694144585,0.0871602883351821,-0.270792398802609,-0.209140147592448,0.213071478833022,0.219077031676894,0.165542454234177,0.0633857256244204,0.33430875671639,0.309591243556503,0.519123832441275,0.16534753968247,-0.624510595036193,-0.970455985810981,-1.05044033095027,-0.529902135604769,0.069393029586121,0.291851608321454,0.799093514746882,0.336832217650398,-0.743523417590103,-0.964188900930724,-0.554648671932329,-0.236331060269703,-0.210858552263903,0.00955423213589696,-0.353735365022167,-0.0346920005163764,-0.252434163570625,-1.10512083607127,-1.23901318741586,-0.404811544545296,-0.0198699487637537,-0.667948590204463,-0.185575153438706,-0.636693048968947,-0.511595230631898,-0.109972276824827,-0.722197801525231,-1.28465595379833,-1.11146413812549,-0.0145489961405089,-0.286616866156118,-0.468669385030416,0.0542299266627256,-0.0234158194178014,-0.393591934575745,-1.2464657845837,-1.32004071180022,-0.967532666252239,-1.11675400352416,-1.28975744456852,-0.994343037826308,-0.74063417542701,0.0248906998256831,-0.795248697130429,-1.50888120127279,-1.30662068342205,-0.639481037290634,-1.56327530983555,-2.20046769940988,-1.88982606191729,-1.29945163783273,-0.628026386035263,-0.477008307886787,-0.627111437416919,-0.797309826867167,-0.773236493682947,-1.19618395120707,-1.66579393284801,-1.98085024109185,-1.83044682447798,-1.70145893272879,-1.38765720628595,-1.33221565986348,-1.7666861710705,-1.7078255831145,-2.06439431214763,-2.58211053537207,-2.23602149116441,-2.65402702248423,-2.36758733568916,-2.50750269178722,-2.33463266898833,-1.78098903734335
-0.122972632833217,0.194241310948469,0.688346940396402,1.58349070357739,1.38871280661761,-0.192628581324119,-0.137464478712681,0.443172830920876,-0.578131211212492,-2.32539333665079,-2.28272766247304,-0.997632438712933,-0.331823598773272,0.427971104825357,0.243211853159821,-0.416211881486284,-0.540780041120917,-0.33711463272491,-0.476238829064939,-0.197477275953443,-0.571281868144274,-0.957925273445641,-0.332651831465305,1.15918222606507,1.71630652158729,1.75673432861356,0.879071557286424,-0.309732052377637,-0.776955259365946,-1.57737676114911,-0.543384787140452,1.6231065918017,1.54080168551759,1.11068257146872,0.564202564154297,0.0550505700757002,0.503759565395412,0.669323073341586,0.0644599667968156,0.633504756307263,2.26615948050379,2.29294566086353,0.39328327827547,0.22069414980699,1.01622257433641,0.625720374225799,1.07348152132334,1.15931539959111,0.254839071734393,1.3155136607357,2.66529445434327,2.08247228266405,0.230642478506672,0.501253189033872,1.12523586094799,-0.0872727815895683,0.0786513014676613,0.607367156212528,2.18782921943932,2.1687544576315,1.82030013373037,2.15376396231507,2.21478937702375,2.05917672336294,1.15640093684151,0.0796648413939414,1.58624562386736,3.1551141997904,2.55730898237083,1.43041600566766,2.63702667709231,4.10654584433331,3.64601705310382,2.21984291695097,1.4437348960165,1.07755936182374,1.02323379196997,1.54597648984029,1.81927271795922,2.19194404046181,2.98764591681396,3.62170710315498,3.28519542073444,3.41660237922555,2.40256993634339,2.55329644387624,3.29351300419941,3.19789088202372,3.93269965515341,4.63685458650012,4.21445861918003,4.87494525523631,4.3273302178864,4.9537644010844,4.53259953417636,3.38313242444415
-0.110174328775177,0.0121918448060348,0.0776034549314217,-0.399948774391828,-0.104573760395781,0.14853613868517,-0.0408718681107851,-0.146899487855417,0.284250900922853,0.432605733690737,0.52528806276987,0.212142596818415,0.129474294816692,-0.0117975813617814,0.122105913762666,0.0831685886253961,0.360821631695257,-0.0768227561759382,0.202363163326944,-0.0389821562946077,0.313194818193095,0.297677429786334,-0.0821785727495785,-0.0908721818435616,-0.525528865901146,-0.469649017455026,-0.111297806208264,0.0351115979189069,0.189479519436537,0.279845897556314,0.119683389557165,-0.297563734783963,-0.364919022857499,0.0319418356161942,-0.136474843678345,0.0602305606210247,-0.0356829755762543,-0.07272367032839,-0.0502507600898456,-0.0389980816398077,-0.246014803917827,-0.359369927502466,-0.00139659461873759,0.155456338537516,-0.0976999796718633,-0.0606948878904103,-0.280361389090988,-0.323125795764711,-0.0302907659289877,-0.249159720219834,-0.429491395750731,-0.274879732234963,0.198538927472961,-0.210616198931865,-0.0923685363092081,-0.0581812590741843,0.000828065168485142,-0.16190987172204,-0.50713640355525,-0.534881768647897,-0.416373084090002,-0.59277788181829,-0.557213578627947,-0.206633072848701,-0.308435020156532,-0.190550369250298,-0.304010059827458,-0.257718840590461,-0.402970831661377,-0.284615012645078,-0.521905623932089,-0.585597669633492,-0.744128616489814,-0.38534825624237,-0.286252938542649,-0.0793933398998492,-0.000396406154234502,-0.22345637951086,-0.22087836857474,-0.43104430044693,-0.440028201791862,-0.728316656101465,-0.649193322154635,-0.680876252466975,-0.429786306036293,-0.45487823432067,-0.577087806232749,-0.747346327433354,-0.713003280872681,-0.887216815448727,-0.649193248503769,-0.934543359689859,-0.789185034259493,-0.93538739817583,-0.918566736154818,-0.726221892577817
-0.126349963999197,0.00847668811132819,0.341119771050059,0.782259359745819,0.565896024719413,-0.145760225771585,-0.0368552578690509,0.159397230076105,-0.392341001857487,-1.14305840774977,-1.23532512654262,-0.494722713174465,-0.248445797147839,0.315517443991131,0.321215778011171,-0.359696512177356,-0.332711871264036,-0.331985063049277,-0.284992428413581,-0.022323298234779,-0.296149460870103,-0.480907710269123,-0.119654026173724,0.690906728592879,0.861937013867169,0.819676821698318,0.491009635476668,-0.254582244243826,-0.44855262784767,-0.740826923670912,-0.252222766548477,0.817765452137807,0.87855520968346,0.40108786568209,0.04162419490266,0.17770566665981,0.254451221247824,0.39787028189169,-0.0312760200583804,0.588270024395964,1.17630651972367,1.23171666339452,0.0995236072176227,-0.127394067805439,0.443255100997647,0.440610052894411,0.693369132542733,0.405296806142157,0.265061845188216,0.631453209238827,1.41042532488457,0.981147266609344,0.20388535198863,0.0824920100182407,0.587045510819222,0.196311813004861,0.0065118961560036,0.388913854938761,0.979725029705966,1.20124091368482,0.856965525771565,1.08891684553116,1.15914825735866,1.00808927908298,0.885729685449944,-0.0544204684810582,0.820490636549985,1.58525492740181,1.31754788786157,0.649385369208934,1.41442804320496,2.18030364092533,1.82721040544496,1.17378336360683,0.735310981255822,0.67782291017141,0.655710330726653,0.825215344901277,0.890247512098785,1.43692130154867,1.7445394572667,1.93502847517441,1.92127495868233,1.67643195820054,1.39299983001536,1.26530932833737,1.73736452036182,1.61453277920706,2.16277782827137,2.56858209349173,2.05388074135216,2.50870047609878,2.20877095956731,2.23288078162218,2.41526032492453,1.62277753367216
-0.0890942066540677,0.0762172424423951,0.28372548089969,0.762026659906984,0.802317562002554,-0.374556373924564,-0.18980355189498,0.334370822830044,-0.353664715330263,-1.35431383717237,-1.1881236501087,-0.660869239812528,-0.100328032003618,0.215819939579807,0.253906029096123,-0.220373206294423,-0.194986437725075,-0.21886926823819,-0.126663088808864,-0.0762932251886686,-0.29786082500725,-0.445759098241604,-0.158169923883843,0.656824423669767,0.893730988352426,1.0095411344885,0.17297279896506,0.000913365886593326,-0.366077230554635,-0.949586649673516,-0.326642066596588,0.819451947155915,0.827575497668541,0.443726174925847,0.34908218969669,0.0802074159328103,0.414645961232007,0.443054317893892,0.0820254803974823,0.433052610246072,1.05203021074485,1.13909161693803,0.170699811763464,0.217046097309761,0.612965406310551,0.307550982367929,0.516376555562157,0.486066115124701,0.22511463803371,0.666228026128081,1.32993562034806,0.990567121534523,0.277677717540936,0.254037199472833,0.397871589715019,0.0124166310902156,0.103005621789147,0.378856336218787,1.29722102758294,0.976778495186987,0.925246958994895,1.01132894797399,1.06898795343591,1.21053643061887,0.732578828336775,0.0178585747680055,0.694657330116438,1.61130432451604,1.26229931060173,0.75228648406645,1.21681584141241,2.12935065468213,1.77868687235152,1.17674708014964,0.662637675935928,0.779788471815929,0.443482844273744,0.940344128075921,0.903418725236977,1.28664906355779,1.61866372403604,1.8660825084004,1.75454464641729,1.80830895988517,1.2946414075498,1.46190941102924,1.78990347229608,1.53624994532158,1.98852769018627,2.62757431325503,2.01620461837239,2.59459930821168,2.34527146780786,2.63362983916946,2.37062220832866,1.61813043478242
0.0570988801188658,-0.105873697151795,-0.356158856220807,-0.746926134872498,-0.754693734672189,-0.0441002575907508,0.134810057572308,-0.371693412759699,0.208244783865339,1.13149030033995,1.05539029671096,0.374878926347481,0.162536218361791,-0.253088278756326,0.00416170687573031,0.227830040778244,0.332751502429377,0.241708697864847,0.234668009596088,0.255538117887519,0.41744196158572,0.481752307950444,-0.0564191383067323,-0.638164808437084,-0.974094551097739,-0.934610501603978,-0.482177042582283,0.123426311863134,0.488847327634956,0.732385923362801,0.153144135586687,-0.641871436859403,-0.942672023640526,-0.441595322289082,-0.279965353545063,-0.111081601393032,-0.215386443644213,-0.481084044468464,0.0236594446416699,-0.454670148054032,-1.06338502488723,-1.22782602240181,-0.257005588938956,-0.0907524200084489,-0.519802938573263,-0.408427823743204,-0.321872783540046,-0.481595865540895,-0.275754906858589,-0.584276212992802,-1.4145044411418,-0.825711614329773,-0.23453088638492,-0.261872067857248,-0.581714535247045,0.0678966956134822,-0.0886580570607261,-0.250890660539449,-1.09916337999142,-1.19128808944469,-0.759975962498421,-1.08960694809575,-1.1262678222949,-0.965390143118036,-0.723178406044816,0.0285489618664855,-0.775613741826794,-1.52033938028589,-1.31637094577824,-0.758813267151292,-1.41519607736679,-2.10603946657685,-1.89523812761762,-1.27495326218105,-0.822574974842949,-0.566826560082358,-0.605402340417168,-0.913185300234114,-0.876041358587448,-1.25903471344128,-1.51118399278859,-1.82657265761546,-1.76943038295569,-1.60696503678613,-1.41606207910427,-1.11428102676467,-1.57051011040409,-1.60738086637097,-1.98870089049522,-2.51469136891672,-2.08185524848018,-2.44835919503897,-2.26188215781741,-2.58528805567999,-2.11176924821039,-1.72720580053566
0.00416257800143482,0.0663296732247011,0.329865213386011,0.44359623738842,0.175433477200387,-0.00473118174155315,-0.0859066470087701,0.118524614845256,-0.108807513364366,-0.460142654222754,-0.311793124096557,-0.0907261803585434,-0.171706776526079,0.060178820771153,-0.118843185179145,-0.0658266118984203,-0.0432502650553363,-0.21275828430223,-0.16266262217506,-0.0680220753125224,-0.0438760030260751,-0.314319201072097,-0.076760970345587,0.300549807245406,0.236297205924758,0.238065389922223,0.201382238377265,-0.115350390906376,-0.248152156756129,-0.351073994893902,0.0447455736078011,0.377375363530073,0.49107279414746,0.0395077389621785,-0.038262876961195,-0.137400929911771,0.0648728459655813,0.108863972942763,0.094100955829933,0.0924772544117947,0.215990632414792,0.525182375164818,0.0687309777400902,-0.00734417549352745,0.253210388726547,0.177285166094706,0.273622345413184,0.212237341618948,-0.0124957464434552,0.0323303291015436,0.800833044740459,0.436249539049672,-0.0095070690389113,0.0916286583163551,0.231137152552746,0.126785214699063,-0.12529540567275,0.101615466948549,0.262871409020389,0.622065989019804,0.384283417938489,0.239720764463768,0.302291897437529,0.591244007073289,0.211874187649051,-0.163089831225804,0.490166905633614,0.370308429390172,0.51953172068261,0.133639466223911,0.682470795056013,0.981804730562662,0.771925386010696,0.533951492247244,0.303279831916314,0.27732390454781,0.137657766891623,0.333431698013624,0.29581707410395,0.579726706598359,0.613835876140639,0.600083449147849,0.798408995510732,0.540925547355818,0.460755302054166,0.692948503135981,0.564124169089007,0.77568129060158,0.829308874644601,1.02019750559074,0.838207555454284,0.826592035529166,0.782093049631762,1.11096700304303,0.76652170992035,0.528471633924225
-0.215260623836788,-0.18337187066923,-0.252498349460715,-0.454301476767609,-0.602872631829324,0.102056867544957,0.0495745189705474,-0.209138305859514,0.199857064404071,0.64568476937035,0.582405775710074,0.292383626144675,-0.0681049382218988,-0.0764807932453452,0.124228423906614,0.26388459277058,0.372706115525783,0.0838466652225693,0.00900104974469161,0.213775461005456,0.273141793194528,0.275883664911449,0.177856584360158,-0.464693018464461,-0.555759451034592,-0.655789615883028,-0.189323698019603,0.0527682345211627,0.509771371912856,0.395377457036467,0.175203532478021,-0.357471035716521,-0.339144218093366,-0.239007917268112,-0.314197515795971,-0.336127054900339,-0.25905016513917,-0.132583101939664,0.105129600127086,-0.298952596069021,-0.645054421339002,-0.796191638911982,-0.0128283211877588,-0.0862777899727545,-0.252812875823915,-0.130044234429888,-0.350456726602334,-0.30067919874729,-0.256084157926801,-0.48786405690313,-0.649487416307127,-0.459389335375911,-0.263135836355346,-0.205474144948115,-0.390648496049664,0.0574906911659974,0.0533320240352176,-0.301153388707176,-0.560591839210439,-0.732139225956338,-0.512231173449622,-0.619162698185895,-0.696179255711928,-0.583784300402115,-0.289451616552774,0.00847240718421282,-0.625589367147332,-0.81169630747027,-0.774946571818607,-0.529577970305302,-0.772922633846608,-1.21679982989903,-1.14155042915322,-0.740527036248669,-0.641539419624004,-0.54922008013268,-0.34250625784952,-0.771728408245265,-0.596533447746008,-0.67157367155562,-0.907146388052718,-1.1830325996828,-1.02883256448616,-1.15962966192972,-0.893659655287138,-0.900014279481339,-0.972693226860939,-0.819482864143267,-1.14595318848271,-1.42665983022249,-1.21817719017161,-1.56906701924394,-1.5789084463122,-1.58644178317573,-1.31021857573182,-1.15301449574135
-0.0186588207771134,-0.25032341710864,-0.83925226143364,-2.06609560948099,-1.61244044637006,0.390111918376787,0.416351213220716,-0.741746384530281,0.623068812323641,2.74970171164636,2.7640181648902,1.6042335283768,0.310916488712928,-0.374483935519046,-0.325963604681345,0.683954302036006,0.576176179574586,0.517562514537728,0.454443405170572,0.435171889754482,0.517550226603623,1.15256410985416,0.425968423218929,-1.62822987825862,-2.24296381996412,-2.21670183811095,-1.05097384076285,0.420303766371551,0.829879826843738,2.03118520514997,0.635703067443072,-1.81496616353647,-2.10901700670655,-1.41391636620734,-0.834612536722362,-0.274144666750649,-0.550190990119559,-0.672331453063508,0.00714499511017103,-0.706295219808692,-2.83344865876942,-2.90409777431109,-0.541663595952233,-0.376948120523963,-1.38253296997098,-0.683562105938298,-1.34386942806241,-1.17426340120476,-0.481151818597781,-1.80364473740157,-3.46478816565459,-2.42769465532242,-0.313599081094608,-0.672809530056947,-1.49864407642488,0.0873318067082859,-0.297749815578127,-0.873811923951584,-2.67654392535151,-3.0017235834927,-2.42330736105441,-2.6819468778271,-2.74897630340373,-2.70116575293465,-1.63311216983005,0.0966149942291765,-1.93087312448765,-3.65104914507434,-3.32296733432251,-1.87941999236365,-3.19405310173731,-5.14997628450861,-4.4961875271347,-2.79618219352239,-1.58813786189568,-1.41063765210994,-1.17272000592264,-2.05741812084662,-2.23677552338436,-2.81095176858964,-3.72470930237446,-4.66627060182586,-4.2639818294723,-4.17577228401937,-3.14336288445759,-3.43610752498994,-4.23798575085547,-4.11559417910524,-5.04786056997289,-5.92171688471719,-5.37687901390898,-6.10520046933601,-5.61833932877794,-5.98117700336639,-5.54728081501109,-4.19635625388784
-0.102485310904211,0.227479947058338,0.493459125111191,0.952161409234709,0.742265282767919,-0.170149806929769,-0.316190813483274,0.300640091763224,-0.353890549321277,-1.27963330074546,-1.14203629035919,-0.740057343978616,-0.0821556399371159,0.306491990902972,0.181889127663505,-0.357756452596127,-0.376026592949505,-0.352718816840483,-0.0820768294243594,-0.0275441992942078,-0.177041011518492,-0.683802982095256,-0.225795364678646,0.790740263413829,0.944257579830421,0.858516149620267,0.361771178191586,-0.261910175003341,-0.461759353043096,-0.817286330479048,-0.26087058988423,0.542188091978437,1.15020447255892,0.762694468092284,0.358899852399221,0.303086346833207,0.27521316359828,0.400093340898332,0.065472941751746,0.301481185379959,1.34563453095419,1.30022312647219,0.250218079893885,0.202034052917747,0.657887838570165,0.497962639402731,0.334120450631401,0.572907878626,0.0191826445251836,0.702230314439971,1.60942547766545,1.13782878855159,0.212602078142167,0.0579574636761466,0.625468252012517,0.0630888654011811,0.0342774426881201,0.201752041960136,1.39670766291085,1.5121528173496,1.10897446527776,1.14404223504221,1.28320380538639,1.29625298476367,0.68819992286735,-0.046620201358411,0.972384218871201,1.59451130397341,1.60062405407574,0.951226468619648,1.48106429295085,2.38817386256804,2.08469092864266,1.13051666286422,0.583948019198573,0.630912326068648,0.701842788138866,1.05515599005855,1.16966904087665,1.52824864472694,1.67780200305015,1.90439940582531,1.91473131708719,2.0323006496777,1.41813491060178,1.36038128413043,1.89794815781568,1.68997588821722,2.31539148925849,2.75583329816759,2.53995526577081,2.72792429934942,2.47354356387256,2.68261177212365,2.40669802201549,1.84487432712055
0.0243242870219618,-0.0840839658907485,0.289968115241064,0.504397491331697,0.546100969465586,-0.0242360914068598,0.0139399889759221,0.123406458701535,-0.205704691429386,-0.814593761468725,-0.782810819862051,-0.24037777784152,-0.15638267407716,0.180304783681615,0.12790700320182,-0.209908643746372,-0.0198725554967529,0.00137616941875024,-0.220072768151945,-0.0413573992444543,-0.352562762334716,-0.240689807814164,-0.132906147667643,0.557124117176126,0.501517079534568,0.477100599494462,0.194381849622471,-0.0982855831417681,-0.356236354379182,-0.670986718398442,-0.306614809033565,0.545670147291913,0.779918968113713,0.552238023942165,0.119222395266557,-0.134558443820795,0.249267933584107,0.231922911704531,-0.230934657945673,0.203804633722993,0.742041588772406,0.922742119848462,0.168422391471237,0.103300391848705,0.290159490672721,0.104742449140394,0.3700250571474,0.350082349806285,0.214874897796639,0.758717966892012,0.953934217138337,0.719765018688647,0.0806632898378527,0.22335216114218,0.442107646907286,0.020826713085759,-0.0709078651035754,0.16371804842054,0.870815504314539,0.825701411950582,0.540768657353674,0.704606018429803,0.834726542044072,0.799141554745932,0.396184477820054,0.0482301842530502,0.667225382256559,1.07456523749436,0.925269385933105,0.430932346305114,0.963487095445406,1.60549874675635,1.07794645674135,0.653269131734938,0.591700736096886,0.499509139428786,0.575237535612917,0.432372692070423,0.717677617430215,0.771959049777064,1.10569986586201,1.39147172606514,1.272220481009,1.23777364968746,0.826584856397736,0.999012729609351,1.30211848428597,1.21777883659941,1.32351389854947,1.66361163709058,1.58669822295669,1.82127059913761,1.65846241266203,1.85770259281541,1.39812528643375,1.2565094180503
-0.00612770888373702,-0.127673744057764,-0.305594913633799,-0.790070030690715,-0.637048937775712,0.284667188140548,0.199360009621008,-0.243779143461269,0.396240636814592,1.13738901430061,1.16963233234051,0.483939426801115,0.103342662950367,-0.109867374512227,-0.0659231193735187,0.226692011699332,0.320323196228655,0.183967241628967,0.337352135845508,0.150139960480048,0.116449064015262,0.329813452789324,0.116108485509187,-0.829671645576648,-0.839981927436525,-1.06755942948444,-0.409835742590061,0.103920172515006,0.359289293533961,0.60187375361432,0.34842896377685,-0.753417817297378,-0.932292360387822,-0.651359833249414,-0.400979323781743,0.0474195182559733,-0.300359469290926,-0.396603953851843,-0.209702341984979,-0.499776674496903,-1.10490166331823,-1.16285970292544,-0.170200871056912,-0.0790961503120864,-0.589994414069234,-0.359751728021368,-0.642138481866074,-0.527450956839202,-0.100818073101916,-0.800337146556233,-1.72530314483436,-0.92038498332242,-0.122417752296209,-0.219528989176577,-0.490826517943597,-0.0284104593249732,0.105638314640063,-0.178996358963285,-1.14767885422886,-1.1091176266379,-1.07126583522008,-1.13987799657035,-0.906521212223575,-1.06335046795121,-0.631606113622976,-0.0216181986719215,-0.775231150843201,-1.60032602918857,-1.26600836165261,-0.737678488835803,-1.35646393303383,-2.08401774594296,-1.886158947765,-1.13280408110936,-0.595692539155462,-0.643593589581267,-0.586886155043822,-0.963418000432344,-0.800418353780422,-1.27279940864634,-1.39930240300087,-1.91019391365768,-1.80117183131353,-1.65596392340532,-1.43976216138935,-1.26060948794824,-1.60071862375197,-1.64677452428098,-2.16698782473066,-2.31398926603603,-2.22590778312593,-2.550718870247,-2.20005480761136,-2.4027026770018,-2.17301846929952,-1.57592061563217
0.0421377025280287,-0.065037898597103,-0.856870178295828,-1.62103829669591,-1.57101412323065,0.381645769911752,0.389886198304702,-0.684383221202636,0.38739092545874,2.53941328756523,2.36461060968712,1.04179993033576,0.156352201876615,-0.331966969169044,-0.35961710188743,0.35802956844913,0.627271750384283,0.353198346714047,0.51949971223892,0.270771332577703,0.59778833235288,0.997396704353321,0.266849128633166,-1.47287746400315,-1.63790336347669,-1.8545963591612,-0.992440068885739,0.348013029288641,0.783802230067015,1.52053234809277,0.607435926943914,-1.47318926399449,-1.62689112688727,-1.09645722837126,-0.471600235360839,-0.0399727068324994,-0.489101726529438,-0.577103772078291,0.0548200690273185,-0.819590865167264,-2.44416382194469,-2.48034615997646,-0.504303823035587,-0.161892776213389,-1.06931351736527,-0.677699993434578,-1.21446065897961,-0.946468590954297,-0.231089040624978,-1.35221371739971,-2.68631317216984,-2.14334769759791,-0.381418122472644,-0.571592147599978,-1.19261066462306,-0.0549521907325898,-0.0981294527866162,-0.768273186925811,-2.2658455847575,-2.47562111099082,-2.12808240715077,-2.07991515157902,-2.44800468914336,-2.39390012274663,-1.38297241864578,0.158544532533573,-1.54487371757251,-3.0009926872241,-2.63279541348013,-1.41614840310717,-2.54923273852758,-4.37084823660199,-3.86017114758033,-2.36274223852272,-1.36298268453924,-1.06680296518453,-0.956942679776072,-1.7074025862754,-1.84216319019833,-2.31297878972964,-3.32686452029459,-3.84367657566634,-3.66413066256781,-3.59800230038078,-2.68381295210935,-2.61124497049527,-3.2912280201945,-3.43798615220017,-4.18101371579241,-4.79967495956166,-4.38582549496395,-5.0306579622346,-4.787386750398,-5.064608513596,-4.71880670283624,-3.27040447291498
-0.182993518728498,-0.197815237976229,-0.256207467401981,-0.515404136413739,-0.470726702807688,0.0836019759245019,0.184053759558905,-0.215769340615981,0.241010473835511,0.567935955547496,0.568969312103069,0.375420944150175,0.0382037320012029,-0.00880621183069594,-0.119908703491621,0.164377526094998,0.220091902706174,0.307908982296007,-0.00804095802065605,0.0437115474862363,0.0657592354284829,0.234690742745147,0.243166702469117,-0.401414403948333,-0.441134082289185,-0.4089094247766,-0.455235957645844,0.227719382597948,0.424376397719365,0.599829127040553,0.169337372430824,-0.462748503021377,-0.47052131757258,-0.335326314344985,-0.326495293225658,-0.0318695007296581,-0.111531533296005,-0.29146336463934,-0.104491151215905,-0.358844643265789,-0.525893740154377,-0.797197012858756,-0.0691554448360886,0.101442102148816,-0.326735659974414,-0.302279042340505,-0.42977898743579,-0.57404219063386,-0.0222424368153201,-0.502638103594069,-0.877939123115884,-0.552177062706628,-0.162887301672073,0.0701043330200072,-0.281422344128595,-0.131564683099588,-0.0820966075410793,-0.200015881326586,-0.585597943738505,-0.819730057408827,-0.545290735451611,-0.618739302910914,-0.679602823038512,-0.594711445482488,-0.475593125134575,0.104593994424071,-0.547426846708761,-0.85984324687478,-0.869005076258593,-0.373354756636564,-0.900348936423606,-1.30292538520212,-1.03793333712378,-0.838100571124634,-0.392753994660771,-0.199300194169852,-0.344588010987853,-0.578104474126562,-0.681929259621033,-0.848688637470134,-0.697464083406104,-1.13157915666667,-1.00569615673503,-1.1532324822392,-0.856074510733438,-0.957521515909269,-1.01665737765047,-0.978396742091797,-1.27550073144005,-1.31980210790468,-1.27486216325233,-1.37765598913734,-1.25023712293923,-1.55252316824397,-1.41496003224796,-1.13194074931595
-0.0553450573262194,0.252484234937754,0.192523028748939,0.740838898548208,0.709522299020217,-0.271705419442925,-0.139491875340261,0.465163145779524,-0.363868202081326,-1.13651550007896,-1.14440331167954,-0.543518336836382,-0.147916280348056,0.123173800827336,0.190789139617,-0.280974061986943,-0.340070324687593,-0.315091653882858,-0.115860591616315,-0.183507667350228,-0.23643558653224,-0.565895524872606,-0.0364388514771236,0.83208424189024,0.80444067338644,0.987744565048056,0.492870553560685,-0.0878768817528344,-0.367359653421117,-0.865511447613383,-0.175670519355233,0.713771250904019,0.893919539323207,0.577362222326649,0.245446328917446,0.295754339047361,0.36564149480351,0.457691701636465,0.146971625966619,0.393695115906222,1.15286382541608,1.4832086242596,0.204985364607191,-0.0217695805202938,0.608141802999844,0.302959058732656,0.361482963270931,0.409798669704304,0.254073271078688,0.635286684504292,1.37292531391706,0.951623089830713,0.215673249853431,0.324742965212542,0.423708239607794,-0.0860639645998703,0.034926965389571,0.405930966596258,1.18601828431366,1.24445454190516,0.911798978469831,1.14254810005351,1.1004813451496,1.08276263283051,0.761391934040214,-0.162344173969241,0.590150698766313,1.51074841156094,1.24155399278446,0.877656712540472,1.54879712155381,2.23588572571009,1.94260711494501,1.05369238157053,0.768440442217611,0.406564242854104,0.401827683934503,0.958217776572875,0.83203917773832,1.10043560166199,1.4482065984309,2.08335035208956,1.74823856320482,1.69499247567646,1.43529200743688,1.19882036541166,1.62867667845945,1.53475157519003,1.90685252215598,2.47989824363761,2.22119201829271,2.55932190244345,2.43104026582519,2.35009809809339,2.05551065946985,1.53289121973358
0.0400943495619898,-0.0169753176547005,0.178972781126312,0.521095116508406,0.372222704682243,-0.130426957681607,-0.139442517684889,0.282856577799508,-0.11708756764116,-0.534120273881168,-0.686269520317475,-0.295715512826572,-0.192945986933092,0.292298538943282,0.163706995252726,-0.154246569602816,0.0634065462402259,-0.0790152866370411,-0.179982292205234,0.145459909955228,-0.0838045596049251,-0.367149643846391,0.0351826482176474,0.296340691598515,0.535259377126035,0.501094233340255,0.321349175798124,-0.0638449266487561,-0.219687921599855,-0.502666550512397,-0.276800089475177,0.539364203023796,0.572347690005827,0.380836846637141,0.262217901035431,-0.0999875867857032,0.100342751868172,0.287723875386077,0.0517523886689817,0.16250298525952,0.754156596581786,0.871015611906046,0.174817877039538,0.173983581630795,0.178046924599957,0.129318037736146,0.114115637576108,0.334729320794714,0.192221011142364,0.443552451653861,0.783351331340207,0.569507013726363,0.0589424486513478,0.177529434441793,0.422635503946473,0.0432814389838008,0.167775682180536,0.320097235997454,0.457227611075205,0.682979112049985,0.457208468372054,0.52157456822451,0.450614891752843,0.731604684064621,0.303613218720298,0.07441758926523,0.419736858392684,0.851199059183293,0.844988068748081,0.400395828641906,0.738900925700109,1.19611371873452,0.932714545368883,0.63940049074204,0.507109071600747,0.469888212680635,0.138375660888224,0.498186116182268,0.501872917966073,0.807382875103824,0.927189608528169,1.25239080685033,1.05593015730568,0.944729754345166,0.892254605422254,0.61534888198581,0.841521674240679,1.04045962046523,1.08249640615058,1.16149774361962,1.15306056654204,1.56394542375862,1.37103065615788,1.30763993242316,1.18754068755831,1.02158871541919
0.0444275365294121,-0.0951969093776412,-0.0466952523579617,-0.039074655058369,-0.0491800977888391,0.0873351939208777,-0.0738049356481415,0.088025474137447,-0.0591971208820732,0.173493403397137,0.146587785859979,-0.0738063729916978,0.0885456143188354,-0.0456674361839448,0.102198578194962,0.0319522062722379,0.0465566139099534,0.0693308192014607,0.123554443090661,0.0711138410338856,0.040876848409944,0.0473636432385312,0.0653644395981098,0.0115541799582058,-0.0697542774096038,-0.115784781258985,-0.0366598699925384,-0.102622491843988,0.144596947325572,-0.0335395789246687,0.0720557134058317,0.00646408448427949,-0.0340963221651912,0.118959046679717,0.0810832312959335,0.0871275588105967,0.123890848286366,0.0793209641570791,-0.0309745169971254,0.00344479773772388,-0.177055998050445,-0.0203909995125622,-0.0989601912708551,0.205797948375285,-0.111227532387864,0.132329265895012,0.0783263894722948,0.0117115138582683,0.0173274645982998,-0.0327632761335113,-0.130060791984419,-0.0549528682405924,-0.0664112857357465,-0.0731813320848973,-0.0324177367412655,-0.000201560180738007,-0.0834356410688781,-0.128149068840112,-0.0823301995067404,-0.0507850026811535,-0.0775729854142143,0.0256064395527755,-0.0533580761374785,-0.125796465728171,-0.186047202837876,0.0614730290772111,-0.0956067207362964,-0.0109354136873876,0.0821066065904237,-0.168427235145143,-0.0751529986122003,-0.0838513917660017,-0.1935412825436,-0.123090606224863,-0.0145945667206428,-0.104309214015246,-0.0163003761813497,0.0133781609612371,-0.155312895111582,-0.246011688457226,0.113327953787898,-0.203422787914403,-0.147990560336112,-0.281615415622586,-0.0647351924746827,0.0182139591028865,-0.220507847346304,-0.265135808725407,-0.143729110925077,-0.114825334553142,-0.362416673587423,-0.436008106974899,-0.331268588747646,-0.246484839713176,-0.242477247580624,0.0347501236105789
0.0187273266696829,-0.347508559066981,-0.476894626069307,-1.51960536699448,-1.22799685649544,0.399464988928526,0.264242710708691,-0.299497690588022,0.298110040044649,2.10966399493895,1.84659703373772,1.00178427161846,0.255924980367757,-0.475369763798228,-0.107584580842352,0.52556749325798,0.546479848900392,0.248511855793498,0.13681182004287,0.425450864755061,0.570528403945262,0.896724680818443,0.4240105368103,-1.35186145066332,-1.4170592926205,-1.39326717033465,-0.830339631061985,0.281236845839954,0.568828788673522,1.23630561746407,0.668907471259988,-1.4748682070099,-1.57155617205051,-0.996143375008881,-0.336390654010352,-0.00999965824594143,-0.330849407238382,-0.397415554750613,0.211151712440931,-0.575810302341053,-2.01886840331784,-2.25480685005219,-0.428245923682899,-0.0308795621853926,-1.14497653299337,-0.509350730460872,-0.865728747252709,-0.95451310648382,-0.331919178689169,-1.33632132818137,-2.39439094613296,-1.78354112513151,-0.199127571192182,-0.522649691559312,-0.977735333183759,-0.139035507296064,-0.321162831538086,-0.532047649695321,-1.90818668283513,-2.24705427627585,-1.56825049818742,-1.80103420257049,-2.03255810025184,-1.79672003123406,-1.11258309771918,0.234706317990459,-1.41578085831801,-2.81518490949946,-2.29606329720155,-1.26839793917662,-2.40449051768239,-3.71750758423588,-3.15941426699333,-1.98864949022091,-1.17552297545122,-1.22257610623846,-0.812924938800742,-1.42201886507101,-1.3615267433763,-2.00948446300362,-2.49022991975458,-3.32803424864608,-2.95986146361304,-2.82275830210825,-2.3253471119811,-2.27894394806776,-3.03650148440723,-2.67584842878632,-3.47507962485394,-4.19952638214179,-3.71833737801231,-4.50146613145809,-3.89666915007778,-4.40803054042744,-4.02846250083621,-3.02614580969319
-0.114048952695505,0.0568003412987181,0.796151777187918,1.08222554285728,0.842670661352794,-0.257774410475409,-0.270793065790607,0.391018393869226,-0.300179342422072,-1.67786621939908,-1.44981722806856,-0.667774500657447,-0.210596941045446,0.168677653024519,0.320130881858515,-0.202103605259664,-0.369807383998697,0.0085527665120361,-0.0796843532774848,-0.153955166365741,-0.324587393048465,-0.685917033356349,-0.00321464252242348,1.03588219336665,1.16590803920325,1.22475416798229,0.588258753818257,-0.0212903140217067,-0.648478509960807,-0.980511636973855,-0.318486641289687,0.972182079150521,1.27863439903438,0.663993731317534,0.368089705420995,0.149884092776192,0.179688016904082,0.477721399340635,-0.0451847842666625,0.22908315584792,1.47875095197895,1.50287701816225,0.340886267419236,0.0762867081684248,0.730480197289637,0.528068274776137,0.718837973515747,0.523258361459554,0.254961468029847,0.820526719572893,1.55608997058082,1.17041516838814,0.159770891390614,0.467508065980428,0.738384143844279,0.202544241244516,0.0406804389546668,0.452956087808903,1.53784363687908,1.48027775027894,1.09478620392895,1.32360077783056,1.48900132354326,1.29881788386111,0.767608033275775,-0.040176845071727,1.20900104256658,1.89083461183116,1.7403522255412,1.05432264992536,1.69396294689203,2.62883730191731,2.53384672304288,1.3916150794646,0.801659028929213,0.544278116321298,0.492164624302694,0.987088258717819,1.06380156988401,1.45514439986414,2.0378518654161,2.52845041337887,2.07665849967356,2.22913524891939,1.58151427932596,1.67482508675858,2.26004669071147,2.11511327071773,2.32591582192999,2.97688385841809,2.62439754968365,3.27853134249024,2.84285311742561,2.8880184867477,2.8446613579847,2.07404380183899
-0.0192515353042911,0.00258672445809,0.560703590948914,0.894013736795908,0.848706635243097,-0.135082384416393,0.00442058815331828,0.242510221527078,-0.163741032500358,-1.2021097322553,-1.29669700406134,-0.570451975246216,-0.127499681368192,0.205402044497954,0.211402523070196,-0.375357210795369,-0.235651730503787,-0.346307677953829,-0.293857142787997,-0.237013802715006,-0.352958957795752,-0.49914943044009,-0.271296045648552,0.701532628186691,0.974392994242496,0.969937501833161,0.55881564131722,-0.00860364298483832,-0.412758802127597,-1.05411467195753,-0.149587060284589,0.855207434266642,0.87814452429019,0.524640203801605,0.280078286840566,0.0714769798467787,0.152069541351861,0.311812571581112,0.0235860382147163,0.468323927165908,1.37961411998675,1.17231188091441,0.146080777615487,-0.143426838034761,0.494884934261353,0.235278805804122,0.41999706122287,0.455078583586828,0.18159572800687,0.619604819331544,1.49776394534856,1.05374965628802,0.0593955930373065,0.261212211644758,0.60272365530618,-0.0644725679560238,-0.0980097343960231,0.470995397585436,1.16342605019576,1.23858896966367,0.941754699222053,1.20061815210456,1.14852596437368,1.14185002376119,0.59842436853211,0.0272410815085007,0.803883220702678,1.54557750550902,1.50469067200027,0.753867916752699,1.43132169568675,2.26920306538448,1.96250784857805,1.1379541858341,0.735752489674428,0.436756927250615,0.564487854471608,0.875542303171754,0.987163439342967,1.06289833840533,1.70377303776766,2.0392416365736,1.85773412615942,1.83230117816127,1.33726351244871,1.42461378733974,1.95064373993203,1.6217881319329,2.23531165508464,2.54435574488334,2.38892076331666,2.67217797859092,2.41196432023393,2.63883602692196,2.21221751834268,1.75490782608578
0.110571620053036,0.0581338308655659,0.218131266093934,0.448093286578747,0.53902852179317,-0.111926052352328,-0.127478010187052,0.179065130455555,-0.107459860378782,-0.892152362931188,-0.958166944038883,-0.358035598962122,-0.130575000611601,0.105060390707429,-0.00420056445846152,-0.304995103595943,-0.221863788287688,-0.0854680935438847,-0.108637023615393,0.108681052390671,-0.139516263403476,-0.159244504108942,-0.146034520386086,0.426118273908582,0.788091809874848,0.836345818748511,0.277620511710817,0.00926560752390627,-0.322256521128782,-0.546455807355134,-0.0548237140744345,0.621325915270751,0.631418962009642,0.537778817310226,0.287004629273061,0.164974068493237,0.173788345739051,0.224024752694632,-0.0346166227640585,0.306699081429886,0.734033801603034,0.870964512512312,0.125200755148247,0.196484028548165,0.34351855824356,0.190581524009483,0.513249706126744,0.124046635452813,0.505745267764067,0.638832809849721,1.03882392076608,0.881288389148641,0.0991959575581646,0.0614850598568821,0.544511065760732,0.0567758509614048,0.144083598380129,0.254140647506049,0.740689826888917,0.837403721832179,0.723097176963322,0.898881109266872,0.974330677896475,0.863826638994802,0.701212177151885,-0.0561503791481476,0.44987149943627,0.967628406627684,1.06688368760873,0.645019682934624,1.05051649568856,1.57236400560228,1.22706158973693,0.840356908321258,0.499766935618611,0.409640499337115,0.193328725731762,0.561269078900142,0.754288924203321,0.867828704925911,1.1273405428003,1.52832909885312,1.40875465395718,1.19611233672059,1.01338547701644,0.898195828531118,1.17030634040567,1.21705572766908,1.51171727685127,1.83567003593254,1.69398345181662,2.01509571988549,1.68385244765361,1.8032414421839,1.6454178023973,1.34839180713886
0.039036587192153,0.0391081929786073,-0.430159959705718,-0.718560725673905,-0.612355181131566,0.215919766395022,0.218115586263866,-0.232790564127411,0.231030457366384,0.918862623127175,1.0759491816906,0.447694417299359,0.331855862161901,-0.158403600573107,-0.0934244604233101,0.401695435528913,0.156489758868126,-0.059642885355453,0.137855946544016,-0.030087307861188,0.330617914164821,0.534232918828222,0.102879703305211,-0.663366772514674,-0.750881484140694,-0.908038008801558,-0.400281100015547,0.135500440596397,0.372486743525904,0.532748107974969,0.336873703475748,-0.610850089509165,-0.741886393448515,-0.351442125248474,-0.323356443890567,-0.226664075827465,-0.170780897383524,-0.404976152740951,0.0980792920414025,-0.246871929091418,-1.01371162259566,-1.03070924777162,-0.133851409994933,-0.157677850825708,-0.399228879238398,-0.254256395032722,-0.558078096091013,-0.407036715723752,-0.0711667904650892,-0.500594471951609,-1.03251815518098,-0.977016839389356,-0.200192298516988,-0.254099320467326,-0.640654829765216,-0.0109519932199043,0.0953176282589778,-0.326047295466837,-0.87895212769692,-0.922613229022918,-0.698460058307489,-0.809402363313982,-0.877500704985712,-0.943310580335601,-0.382569103103381,0.046947837292849,-0.818833428510318,-1.47190879527457,-1.12975460053445,-0.637652976479251,-1.11657867614952,-1.91867958524892,-1.61181651401075,-0.961497101632189,-0.637343765694536,-0.5851778696921,-0.363202481459523,-0.650629112920146,-0.773456273145321,-0.85209945677195,-1.3806849836604,-1.76081655219504,-1.34962075008091,-1.51913882675739,-1.08489160378032,-1.20446673991196,-1.41708493765244,-1.4445897410545,-1.7936793105695,-1.99151758519243,-2.03124992928016,-2.18189147166886,-2.13890990338446,-2.12862815609351,-1.82911970563049,-1.66591174506342
0.206254483015163,0.0582492249430423,0.212464217385653,0.469510486886893,0.496476526798465,-0.024741672060817,-0.0965293314153001,0.173030179763631,-0.320861407361537,-0.929463332647435,-0.73027378791002,-0.363190152301077,-0.1885202410862,0.0457333385308423,0.108583971966281,-0.202309850922124,-0.191587603122814,-0.36518325621217,-0.238437446235282,0.0199133752355281,-0.226837416835019,-0.251359323696006,-0.0105476983592156,0.257199217053681,0.671121125435116,0.395630317525855,0.291769351505702,-0.114902557439839,-0.267439886409618,-0.382327134145339,-0.232854072864316,0.440159759988645,0.397204818103094,0.454489977349158,0.166343379715856,0.18854977119599,0.0590112011700213,0.13054679608759,-0.0876095030664768,0.187692415333914,0.74501955424264,0.849689277601793,0.300622144427394,0.0916956583808817,0.403689581585633,0.148271915529605,0.223242490115161,0.441167716680997,0.25774782636291,0.432057859350093,0.793564144491933,0.660618393702854,0.0438741292100279,0.180219221662654,0.482370379479653,-0.0818194773705412,-0.0220104292337576,0.307969195452958,0.654220710426457,0.734396614109981,0.688534602766351,0.704555030952524,0.737611519671782,0.587618120934594,0.564600022255092,-0.0337241774345544,0.460188468488597,1.10910371880777,0.813453369395896,0.479582654294348,0.775048851004311,1.31694470337749,1.17860707917402,0.762889147882743,0.423914057288413,0.155562502107848,0.3295549299214,0.506732370035269,0.716163679187746,0.775359222490262,0.837806847255405,1.14673549962436,1.29608810739315,1.1699736254371,0.783061485218384,0.761467092842948,1.05638955411615,1.13787324649824,1.36952672936428,1.41237649806912,1.48302491909541,1.51547361989215,1.29676971059938,1.68376418296045,1.55334072353179,1.1544516082582
-0.18051990483326,-0.0720961346850897,-0.179514850921657,-0.621652451450922,-0.497109560329256,0.157918012862562,0.132213679472891,-0.248977430032833,0.276783924213986,0.856200453737587,0.848393503764988,0.462196110921672,0.152015666359818,-0.336501289058411,-0.262107126505484,0.407324712137369,0.182568644291082,0.325338032633674,0.117428281130277,0.228084714006311,0.287100906915188,0.39543029926136,-0.00415391313708352,-0.635435545953851,-0.577939204749156,-0.764369873345178,-0.336885631042832,0.31468001390036,0.306094324184342,0.4793316926721,0.0979587130971608,-0.570023632655531,-0.580510749720961,-0.416119376919711,-0.348025003540326,0.0272976460976633,-0.315408639384653,-0.289255111955476,-0.0117819641076595,-0.249622650201691,-0.898681163022798,-0.909779633699171,-0.0687256473343328,-0.027868835391514,-0.249281244228496,-0.317924034298086,-0.51904887150458,-0.545103382337816,-0.0965925412092871,-0.570971829401642,-0.995275898503628,-0.873344146081412,-0.0599949774016111,-0.108787409458112,-0.401411451927244,-0.0577165985567721,-0.204227253448413,-0.264016434005319,-0.846894797880952,-0.777839341302692,-0.707786847224668,-0.742473318516619,-0.949086955312991,-0.795775459056774,-0.524586387364028,0.0558853443366934,-0.636134773724385,-1.17587987266249,-0.994200887575339,-0.535957637967981,-0.98751547176497,-1.65636305234799,-1.39559314737677,-0.992240780983841,-0.566335141675796,-0.448516460030646,-0.359768062979009,-0.719838196684506,-0.716709472105755,-0.912061750223977,-1.02908343738438,-1.51901414682731,-1.09675869097264,-1.09645163000746,-1.11805012839999,-0.857207190458918,-1.23758858870844,-1.33826341372424,-1.56754491116224,-1.90758736788498,-1.5945271344128,-2.00153009101684,-1.63646776304391,-1.96128271514582,-1.73121307570582,-1.23874781560267
-0.0983930496204133,-0.0992679637259897,-0.0885148843990194,-0.543375315677151,-0.368271736554676,0.0281048984057316,0.28364138233859,-0.242989215588961,0.127410783747984,0.684374542945239,0.647833057317063,0.19043920139419,0.066982240508016,-0.115153221017958,0.123207655977579,0.251873742033397,0.0970041267312741,0.137523529521144,0.117869335329713,-0.00781061461372447,0.183379537331683,0.338571066584538,-0.108881217336318,-0.234416057316803,-0.303706235536453,-0.529968476426105,-0.397269012763115,0.114879258787436,0.106819632864323,0.514990769068958,0.08795255344238,-0.409072015625338,-0.49883417476635,-0.474538305146001,-0.0602658671624032,-0.0390940434991494,-0.0195576802660597,0.0348536297498621,0.150233181538605,-0.0829896344849952,-0.593524924551373,-0.793716269722046,-0.0820825317232881,-0.171776475266293,-0.278254982940623,-0.25090857073191,-0.0568997008418671,-0.452408498504498,0.0814694006473146,-0.301073773805166,-0.762933790659821,-0.500858399340265,-0.256584807101003,-0.128869682645035,-0.221706581424377,-0.113189333359908,-0.10515390616975,-0.224337482294333,-0.535133145171413,-0.45776003082256,-0.522613327754211,-0.779917047999917,-0.564775346480962,-0.566658292792561,-0.216570263423529,0.0380201096722652,-0.487907117385409,-0.792791575108921,-0.795303139463356,-0.444472738239398,-0.665974294471198,-0.992230137989479,-0.816325699858135,-0.459725606100605,-0.250383616641595,-0.362264197988263,-0.336696854090054,-0.465304279993618,-0.478238874015524,-0.551772793927367,-0.687931714889454,-0.945064443095041,-0.917226901394275,-0.949947702693688,-0.734874104752139,-0.627912026577423,-0.640046808303267,-0.785714794144123,-0.986967167510115,-1.24901966894497,-1.09420788721637,-1.2514637233831,-1.00759116920573,-1.24873411102984,-1.07868033570096,-0.733603328287384
0.108452619329373,-0.220208991191776,-0.468051115520185,-1.0628955440549,-0.871248204412038,0.256288485591441,0.293351648125738,-0.370916840332354,0.394893146729653,1.40628052349899,1.3098788422424,0.685847845231212,0.275283244100942,-0.369185081410243,-0.209311276894119,0.376752122981378,0.352220423366642,0.309003936610662,0.349421532714178,0.25629412018705,0.348765593039549,0.703466262209809,0.160256283557841,-0.886656978579766,-0.966146038007728,-0.977698042983943,-0.470428085633795,0.235914736781857,0.371876472657301,0.91734303383097,0.287908549844894,-1.01987725233503,-1.0757473742549,-0.695947478728872,-0.250964587766883,-0.0270727869508954,-0.559768037597308,-0.546724087960847,0.0953448981865301,-0.518488203347011,-1.36113715721629,-1.58845086403395,-0.429418953921608,-0.233062786769045,-0.549329720539172,-0.408161198818734,-0.696826052821287,-0.530107534437677,-0.284756084744472,-0.974249061917703,-1.70905945841164,-1.06760397383531,-0.217795946258825,-0.394540999302122,-0.775495260219827,-0.13389853063316,-0.226931449639146,-0.347768359913487,-1.41837300724511,-1.54020329371261,-1.15278937528937,-1.25917144846496,-1.20051524130938,-1.47050541210041,-0.952024562759438,0.113172964220364,-0.95488240096743,-2.03243721563237,-1.75681452452534,-0.921454048686001,-1.68567386982292,-2.63356651378147,-2.43855135587492,-1.2856076066053,-0.642411936286824,-0.929935086692566,-0.626318510684792,-0.89405933465314,-1.12756198256106,-1.36854576655607,-1.79503428708344,-2.39920053737917,-2.42159416861842,-2.11734574460841,-1.47163562732626,-1.45384408831266,-2.17881269716189,-2.0235779351155,-2.56900503925129,-3.04757183381956,-2.48035528460445,-2.98611396719821,-2.73116045422141,-3.28986155169045,-2.74701153360555,-2.04957173981371
-0.167333815682935,0.0998941654186733,0.0906284001202847,0.295931672600091,0.343727266641837,-0.063978133049685,0.132072096101996,0.148912999776411,-0.0354100459379019,-0.34100005357617,-0.358278697331004,-0.171540096467737,0.172918950405594,0.242058961159729,0.147826341094141,0.0100761471729882,-0.225680162764381,-0.0544768453255808,-0.242703044128364,0.155680907624059,-0.0757941320768755,-0.166091721999741,-0.0928989516815325,0.321605511017891,0.331039424067104,0.371163273935388,0.222287136397201,-0.158429310824064,-0.0649427499911802,-0.335154804704773,-0.0831170296655136,0.409328775525682,0.345538368512145,0.240616822551712,0.163394745131596,0.214730620927775,0.269153580548641,-0.015956758382818,0.037622628673422,-0.0469227587991445,0.564994208100629,0.515765258343377,0.146763699247189,-0.00762622474867481,0.240075303417036,0.175180526723195,0.138266370429781,0.210642853559458,0.136065824269073,0.380743057674618,0.60117142378192,0.211687169649918,-0.00940553145964866,-0.0676373196758092,0.431886356536342,0.224759231079529,0.147303231644132,0.0488279800479638,0.456783272589211,0.455100804537869,0.493724068704313,0.217701809154555,0.4691240743881,0.702533287216818,0.399636384134839,-0.0883152675644077,0.322204893685026,0.684525963754116,0.612672631446688,0.310600613840385,0.4970275147867,0.801795357931623,0.770428743717975,0.347247184288263,0.132531387583945,0.165620074727294,0.31645377458537,0.484737405916888,0.421246232931724,0.637492045560131,0.635795556929624,0.821979726689904,0.495071052600991,0.819793672528578,0.407913535979367,0.555446331088289,0.650683117266278,0.753902807096658,0.837794671315931,1.11125138806088,0.729626093792723,0.998435902233272,0.924528879524248,1.00945011545057,0.994126630079437,0.840838813505476
-0.241205630788413,0.0737883799449528,-0.232321962670241,-0.25346147524842,-0.421946937998052,0.197108611474212,-0.131298860033306,-0.134887324995375,0.0352705123475946,0.543219783674862,0.631102626810554,0.295058562106637,0.0558314471389902,-0.186628224473951,-0.218175634536461,-0.0851313075564417,0.113462192508717,0.178717015522359,0.0144377943705453,0.0686986166478281,0.149102596736921,0.324909640661665,0.404997541104662,-0.309883962921046,-0.497101661560443,-0.458873339623604,-0.216051375563976,0.0615168899816879,0.222685701568902,0.378768909619911,0.266118866624675,-0.556174381065216,-0.435341325557852,-0.226957100685464,-0.0343032672623517,-0.219449449118839,-0.227223455795281,-0.147907079963409,-0.0278366152872501,-0.0333221955327809,-0.723753953815314,-0.621084673453475,-0.0590807281298611,-0.0951616231280867,-0.2403943453492,-0.252494712156564,-0.310283383650827,-0.213548091645437,-0.0287889457996956,-0.226316783042938,-0.484261052046639,-0.51190424379809,-0.0450328510693325,-0.103175023350951,-0.199952915505127,-0.0968176237002266,-0.180481740424352,-0.265363397593001,-0.532827406321262,-0.649384810622529,-0.415777676100982,-0.676376131062718,-0.677484209207799,-0.62069564808979,-0.381636958407764,-0.0516458362514612,-0.405299388214917,-0.817621960474268,-0.742714022274634,-0.274281951224442,-0.757933970218266,-1.05389603830187,-0.846563503260597,-0.63626713761798,-0.434163410647173,-0.408446607962559,-0.223353206459701,-0.505574228125103,-0.450177971973559,-0.778968241140017,-0.750267966407964,-1.1450493911194,-0.920430316820601,-0.877137934113077,-0.557516787134173,-0.817543278337604,-0.877857602922414,-0.923749553964009,-1.03924010656526,-1.22127466261315,-1.17111460743334,-1.39394965609094,-1.22394437591306,-1.37139004593164,-1.26037535566289,-0.867670930769461
0.217593123265226,0.142342329795623,0.203912813971962,0.791674383697359,0.694351419225333,-0.350904757818675,-0.236772806722721,0.243582971934846,-0.296923507535396,-1.33586931612206,-0.90013488704227,-0.287140932739794,-0.108521580115402,0.25658820449635,0.0893854671493143,-0.221057093748091,-0.389366418380289,-0.180984143054134,-0.259507313511196,-0.253713651096547,-0.248235778957542,-0.456781310746809,-0.218907345906859,0.773111321876301,0.847121606388626,1.08321401434334,0.611278487779473,-0.171112223406877,-0.420329518186106,-0.615361480969922,-0.348857608409821,0.6206673217755,0.634583831365803,0.465186809885895,0.323143638015364,0.132116758142434,0.232139750045525,0.453619308979705,0.0524768025270739,0.399309488425382,1.03151212898622,1.16791474952504,0.328715500325419,-0.0109632817102119,0.379824719383788,0.328822612728347,0.326568552076572,0.571494368708518,-0.0334336250551462,0.724476488556797,1.36549673837859,0.95384291746213,-0.0237704257936987,0.219870158264833,0.49875990790759,0.205754542532416,0.141950717152713,0.240055591008213,0.969387755444608,0.904577895984451,0.912581290902534,1.17658442767816,1.15074126532997,0.98878880925929,0.668618803587896,-0.137241528852469,0.892845054140004,1.29996780039972,1.20477893784333,0.738595522414952,1.20809017375622,2.1368899859203,1.81584662659817,1.05944997147046,0.619531452010258,0.608830791613755,0.625376514589546,0.757151509605702,0.897383544935422,0.976990192171512,1.56886636494944,1.86299781951915,1.95538295697098,1.52600781899046,1.32816435369914,1.17369107945166,1.54940565280318,1.54250507835445,1.95158661991296,2.50422779233039,2.11621931923457,2.24056494086938,2.22079231805362,2.53143080406284,2.01333563774959,1.60722332633579
0.00399208107726443,0.00474177494291472,0.382079375242803,0.643832608773941,0.694240737352365,-0.119983301479917,-0.13859225538396,0.252944160763754,-0.237563330529008,-0.998560667552077,-0.9858722869545,-0.474439079930427,-0.421070127762757,0.316395136151794,0.242286348720987,-0.209984777403302,-0.127513268648772,-0.441032041423347,-0.27475286611469,-0.268772839127947,-0.416378916654631,-0.49784959442168,-0.17013701681856,0.641508813563301,0.850722025492597,0.669590622281067,0.343082299332583,-0.0304069891928868,-0.329889485341818,-0.71261303472615,-0.126890651429443,0.641499554539836,0.73375196203556,0.447906803735027,0.130742880647001,0.241645126777223,0.224815853392423,0.399443498561845,0.10275602078322,0.214417026054791,1.13713323831566,1.21857562797353,0.167637956675445,0.0749885048287764,0.593107420360375,0.189091413407681,0.376788723999834,0.485132600378992,0.173489136459286,0.565724852095604,1.28777314147818,0.961846182513676,-0.185449708944056,0.206879388141828,0.582468125437255,0.175952375186259,-0.193568189698273,0.0846004709715361,1.02442572815721,1.05241691797098,0.903837396924899,0.86670408011242,0.968751301928561,0.921294490515285,0.550608906010213,-0.0507761468863296,0.882460450815418,1.32838471412654,1.14239428714699,0.644987396429462,1.31311958194153,1.92263348769178,1.56165884705427,0.938595401468821,0.681436575257769,0.47877769238282,0.517763209359508,0.806891703084106,0.926331677160864,1.0759525983711,1.41592437503388,1.97803582180368,1.61650306076835,1.51299414358617,1.1641763665306,1.0823219800693,1.63193220821237,1.49340352076724,1.90020280382138,2.326690074233,2.12723038656104,2.43641221543689,2.08184121571213,2.26512008150285,1.97748267111158,1.65205269160155
0.0342989726662487,-0.103019167887917,-0.371983513656334,-0.854161056063187,-0.70353543428196,0.1164819623538,0.0301117787552443,-0.183057730634478,0.113604093726238,0.944666764644683,0.878439192887195,0.448370344395383,0.0611368270550453,-0.209268789168546,-0.0454363840557582,0.297105662614038,0.222022337991888,-0.0237032442952115,0.0295380507184774,0.145269515757766,0.189578807842442,0.269159113509807,0.140732814105144,-0.741836305477418,-0.685295156903814,-0.735518339040791,-0.401132648446564,0.173621259341781,0.276298043948831,0.658326616291645,0.102176214625278,-0.48653063148193,-0.573097187505492,-0.590047007210137,-0.179947230594897,-0.0577998274571226,-0.0731969538069036,-0.40120657663533,0.0232617887307952,-0.204816353671559,-1.00594793719134,-1.21680996710114,-0.305069357532598,-0.265139876923541,-0.590761916689659,-0.19311328995235,-0.491799390828162,-0.503916453907292,-0.314561579659299,-0.69935269568435,-1.20491928684689,-1.08116081439687,-0.355233004649232,-0.343746473342326,-0.601518321077283,-0.0982826383272173,-0.253939337262499,-0.375373907373188,-0.980253918264529,-0.900591527303109,-0.915898755600464,-0.982365222249275,-1.01805486396086,-0.954537433701514,-0.508302503240119,0.132634031852884,-0.573451129068826,-1.27512038477639,-1.19796158952541,-0.553903983293202,-1.27488720708679,-1.84592966680612,-1.49888948227472,-1.07521557515484,-0.500609638363292,-0.504164447722696,-0.184497980977071,-0.782213283842596,-0.824210864791408,-1.04391551553881,-1.33516681579123,-1.6206725358685,-1.54579903898819,-1.46506997607941,-0.9505763676172,-0.962644143389001,-1.3265825558158,-1.496323898966,-1.69230790137948,-2.03020251453278,-1.95551182261388,-2.22955652095338,-1.88008041404607,-2.11536493662697,-1.91490999805131,-1.40648099213128
-0.129923678528633,0.261857040995152,0.511009471462783,1.2197414714666,1.29048567132904,-0.254793526271566,-0.209290458966841,0.481584017645955,-0.468266889455636,-1.86153248064088,-1.8667025541863,-0.880704245814586,-0.272766897734371,0.553640272905037,0.137202892068054,-0.363702937297625,-0.452994858445138,-0.402641189647126,-0.318857341248298,-0.183586946416736,-0.561311809218655,-0.997868594411274,-0.409887922624963,1.21664263246897,1.33202142820055,1.48562249188526,1.0201050184051,-0.1949057797977,-0.656456634713793,-1.30048949807171,-0.467584554935804,1.30335113976052,1.306584201642,0.854299625366495,0.41801685734298,0.23831208557286,0.320719364047243,0.558726443217294,0.121766659265595,0.66664431479435,1.75984773568037,1.83678145646709,0.440623215685008,0.199788900773188,0.791779126847693,0.289572404021034,0.715327692229818,0.825199421551298,0.229094889786199,1.21686103804694,2.18940462919698,1.57281142175544,0.203616746107765,0.458443526645913,0.92646770759138,0.0218760188929048,0.29046592793751,0.587785612672128,1.77471969133595,1.93729649851405,1.50340361471338,1.73323848736618,1.70436022364746,1.83595302771436,1.1377132797074,0.0378127599399265,1.36161840980807,2.42483378751912,2.07323669356825,1.23820652787331,2.12728088201585,3.5405039137376,2.82529688377001,1.9022861968151,1.13145271445923,1.05506437512438,0.976424377432576,1.16974672311292,1.34990037911736,1.90602132669658,2.45719930482842,3.01819774338146,2.64515946795827,2.76691249692487,2.05221232116867,2.02886924873693,2.74923410767073,2.60369635378749,3.36575927239969,3.97827274151324,3.43996125466257,4.01251429222615,3.77047226891411,3.86447565558567,3.62505080706389,2.77357630978281
0.0105089042008685,0.190628848547657,0.512013682239674,1.09280323687984,0.993306807648364,-0.217270085132066,-0.261939943923072,0.462293734985226,-0.359512576012464,-1.76898344972917,-1.59815104072496,-0.658586186831941,-0.253180259979679,0.351941024757314,0.0988289229989442,-0.29462223376265,-0.325720501557785,-0.248327868838848,-0.364066796648833,-0.167332130582355,-0.384153534922175,-0.750044347488361,-0.149073701628205,1.04166089464595,1.346603005429,1.15780900139043,0.850678437639628,-0.160078327818005,-0.455924070024267,-0.983739222013892,-0.503276444898297,1.02508115657697,1.1847853187953,0.610326549552395,0.343391377211951,0.0927056961626126,0.281784060566162,0.483237438449235,-0.0877910073808096,0.356313920760978,1.60667455002802,1.75283601394841,0.352321101619667,0.102472882559261,0.831167031227994,0.262284243348518,0.702340668868001,0.655566461211425,0.0698576592981258,1.02201853970811,2.00688873457536,1.35391120066362,0.223089063835618,0.438287810669791,0.712757301776424,0.136796242162333,0.113259850694667,0.365358224677885,1.4197378552422,1.82347693458338,1.58502845084161,1.55934915262322,1.5756063575748,1.53723228158515,0.812362136229548,-0.0939636893481564,1.36032426390801,2.09356995880388,1.95717930959167,1.03465869357594,1.78681597757243,3.08664842184332,2.51896162482084,1.67035978337168,0.879290203059448,0.87074918696508,0.471747897283282,1.03270617042046,1.42833639463733,1.60939670892179,2.07177549090639,2.72716336010609,2.54611875851868,2.487806034511,1.96895342783848,1.82197560589052,2.38202871012754,2.38358804853467,2.94312186887367,3.44928587765629,3.21540506049701,3.56112232735331,3.40238497478579,3.27602229136611,3.22584374878831,2.32471643099219
0.135506100541206,-0.249986309786298,-0.0864421056060739,-0.337179774806931,-0.437054134974471,0.00944878450307919,0.103203721290481,-0.264172456111108,0.12665498581246,0.62089184555639,0.398506226963396,0.213545442379032,0.0673660478681531,-0.133186317023989,-0.109329309140163,0.07723234363775,0.0809653493343176,0.214971026861399,0.0582828064594538,0.0470080387706894,0.42499001762838,0.462497831201811,0.016829971013192,-0.407200935232834,-0.539464850120423,-0.485339044935515,-0.142944013334599,0.190025111365398,0.1532756983516,0.395451519583412,0.318368523753644,-0.302420031326468,-0.354024813245753,-0.315082396666478,-0.232892231632565,0.0658363852067238,-0.275740335563886,-0.256730181607522,0.177154783158664,-0.150443902649242,-0.526283250479817,-0.609875942896207,-0.25498574772281,-0.00453375293575247,-0.308174330064633,-0.154548044337033,-0.386283613955478,-0.220254886694591,-0.189202973282054,-0.251299402497243,-0.982257626653032,-0.489719118130743,0.0104361602558508,0.0864943206317302,-0.221905553739274,-0.158125458545718,-0.143134729122415,-0.33187331077766,-0.281618985104345,-0.39478919611866,-0.354330477062525,-0.46607409615658,-0.579731800285202,-0.572370141445267,-0.302123944010999,0.128612284051471,-0.575832299198589,-0.856692370816581,-0.76968635382064,-0.232235303621068,-0.708046938653935,-1.14496447042586,-1.09051728794015,-0.739514140117237,-0.371486167790848,-0.121191979997983,-0.127021656315702,-0.428716236333291,-0.436952125506847,-0.59964769093987,-0.81536710226212,-1.10767092334404,-0.972618803679205,-0.760974234340919,-0.85557657209567,-0.681942382661266,-0.947313995905504,-0.886652159793675,-0.926273754654038,-1.19810016100187,-0.999279296847951,-1.2037434823815,-0.950746119118724,-1.27743402709782,-0.991833896396877,-0.749645806587614
-0.052027488281891,-0.000785751030823054,0.289076485610508,0.307486719846435,0.294411695672909,0.0110244912569691,-0.142273325620002,0.144851485709324,-0.188667242119621,-0.675791683164821,-0.41773858424358,-0.434732825050855,-0.229669993025786,0.0552206677192666,0.0106668770685729,-0.333427765224179,0.00775483512127825,-0.164626157545779,-0.309189013422163,-0.159290774007623,-0.0984960125515039,-0.311976065427887,0.0317453376926507,0.545645562304376,0.684252106800143,0.460232683445872,0.171908070517329,-0.140724958943043,-0.292579186865452,-0.524978154707238,-0.209938292377429,0.51558252233581,0.614301279827537,0.21904025847961,0.249405214706045,-0.0515877711994887,0.142611982188872,0.0215594204217962,-0.00178456881019694,0.211351076242515,0.626386992993492,0.718913852948072,0.206855164859682,-0.063353596602767,0.189793192051878,0.189527924428214,0.262234769096514,0.211178112359208,0.165565838193536,0.51540523053398,0.797516287012373,0.591397041484753,0.0397697623588234,0.225944071108073,0.229024441637597,0.200515246704296,0.0317780818575829,0.0856124209676402,0.65403881347932,0.666889431812369,0.527123225243107,0.726176134687032,0.504702267653151,0.754825155634169,0.507350732531713,0.0948463783077789,0.424629333334614,0.920673624420973,0.785023938196794,0.520684702967207,0.838376289267263,1.18784580158511,1.01551460505665,0.456486511002562,0.516030373450536,0.52337837657962,0.357699122661885,0.531577063462596,0.358851165369701,0.668041131689258,0.909364678277945,1.1146965594706,1.08839441391436,0.980865668972211,0.663657307910788,0.814686572436029,0.990898847672382,1.04722777851572,1.07585040339984,1.41294413575793,1.11445395007847,1.56192476866707,1.23156546594434,1.52481924458945,1.44395077759163,0.995841225751454
-0.0373371837961359,-0.24343483990715,-0.188893221822353,-0.542201624125796,-0.519319989379561,0.0766386602318768,0.10704026217546,-0.282594315471976,0.272857042715024,1.06268223992322,1.08972321394953,0.376818220984951,0.0581859239386005,-0.222002386779831,-0.279189123082648,0.396791608297911,0.165503091117354,0.244423656168787,-0.00995624017457167,0.0409617597369501,0.198206496471694,0.356438074043433,0.154770927258112,-0.464714990927913,-0.862986397705996,-0.830747881460591,-0.31104520126886,0.0333230537372194,0.425342495564809,0.50686532186553,0.176189926924323,-0.498527697686753,-0.935928491124886,-0.517383293326203,-0.308875552456524,0.0353499999902775,-0.0946077372112784,-0.329563581471803,0.0308691204031495,-0.374327129511999,-1.04423532976987,-1.12584084620116,-0.0261161280373286,0.0641988312837152,-0.342593239584267,-0.232137625002362,-0.510962498026432,-0.436101696173567,-0.128914928905038,-0.735770120851781,-1.27727801746539,-1.00373092246851,-0.265549006601885,-0.17591390188364,-0.56287001370176,-0.0228565960543402,0.00727876075613709,-0.209363464604398,-0.986568407216894,-1.1382169797678,-0.845190147298504,-0.865347150948087,-0.851412598323792,-1.06689400774142,-0.507814449544037,0.0475336294019599,-0.786938751134526,-1.36014662846217,-1.22770406908875,-0.602228174879762,-1.2600783143152,-1.84360883504187,-1.53621034135237,-1.11831197775079,-0.823898617134341,-0.512068366254069,-0.315861693969247,-0.802033961333701,-0.882683430387568,-1.19279941629129,-1.39624216343683,-1.72040192117483,-1.57282525706024,-1.51198154898005,-1.24516737580849,-1.09364383605327,-1.6012420935045,-1.49098967137628,-1.79991162209655,-2.14686539486407,-1.85066427629444,-2.25739335279275,-2.02167381938225,-2.18605179617815,-1.92002947658744,-1.47135692916223
-0.099754681802921,-0.0744625281131751,-0.387939693449447,-0.541053013813826,-0.452630129824953,0.0827078434357737,0.207130983177167,-0.101322041624528,0.18287418803321,0.894262745152262,0.726031731782961,0.413113513977923,0.125488453642781,-0.206380517812858,-0.112484828341866,0.114289022586313,0.0742137581969555,-0.0104452923778934,0.153757529587955,0.332153506174803,0.0839258577923437,0.34234479979426,0.264238691335804,-0.515186665296978,-0.785787134295767,-0.662942805801027,-0.380074693667723,0.176799483044851,0.283966244689266,0.732174974326028,0.213995436753707,-0.524646500487023,-0.542468041630824,-0.356378463842185,-0.298076376870499,-0.0525290573482891,-0.42435445923111,-0.42608516474948,-0.0860151103623746,-0.198240567857186,-0.779896614879353,-0.814292759326233,-0.211496890710241,-0.0541810026338164,-0.347397952975947,-0.0881859129149707,-0.470417324704073,-0.344962091483897,-0.158726303007636,-0.329757499019577,-0.932956169104825,-0.532927848963237,0.0766443367364623,-0.128050731592559,-0.32396473041456,-0.0425395006841844,-0.0651479690911085,-0.51888246995386,-0.901540722892061,-1.04182109428637,-0.763270887234561,-0.694757870182553,-0.894598156304588,-0.736389621057121,-0.601214088189814,-0.0118144684741812,-0.538459386000227,-1.07368628100413,-1.09456601965343,-0.534694103329246,-0.957527715571334,-1.57260671620099,-1.30383787080797,-0.880384868485812,-0.32504735362203,-0.41726489736225,-0.362740985047942,-0.64018011655915,-0.586876415419748,-0.802175853087422,-1.02236861203838,-1.3440353339985,-1.34432205467742,-1.28790266855865,-0.853184953660407,-0.997932584904948,-1.2105697015889,-1.21623285160062,-1.43332189606293,-1.73141051126444,-1.61449269667825,-1.84322196944665,-1.4968102052085,-1.76494743400938,-1.49822250988721,-1.37954915212792
0.0903742451758802,-0.167526878569023,-0.855115520580423,-1.81800117739776,-1.78159331871702,0.373239771643868,0.346397323683525,-0.870088624221937,0.696248642935875,2.61452579540395,2.49103126598706,1.15317341673043,0.205592653914271,-0.548102554290069,-0.24302710425488,0.542247780514687,0.536399467192309,0.512660940749274,0.35540200567793,0.349940875663491,0.662365225518615,1.06058631426908,0.270211870932091,-1.47720175385778,-1.80747400305826,-2.03405575973709,-0.97218583135167,0.018284062515588,0.869849102865914,1.68598680837493,0.591102778471624,-1.63067093421772,-1.95718647925972,-1.29685372012985,-0.696170855127463,-0.209561757394243,-0.524253121021047,-0.646263063552639,-0.156568484043311,-0.753402801957812,-2.42209397209283,-2.38761372791428,-0.382570502980599,-0.1995791382872,-1.15458072012424,-0.621837251634229,-1.39818771781645,-1.14945946665257,-0.458438972372787,-1.56605459618019,-2.98231541431011,-2.32254827967409,-0.184292841638032,-0.512511669551223,-1.36918478715573,-0.122378314297718,-0.354267273705855,-0.807479563324694,-2.54788767720692,-2.73157504774814,-2.02334929313447,-2.47391598052239,-2.42402209445156,-2.40009991392673,-1.49851614688076,0.181507658587741,-1.65970214362601,-3.27459785558693,-3.01672113773614,-1.66511888693019,-2.80771976115106,-4.50892962839407,-3.89661754405391,-2.2381799025139,-1.47750794321651,-1.18522247476082,-1.18353545613148,-1.83297868727901,-2.01636766801852,-2.57486235951969,-3.32591371201647,-4.40100127618114,-3.88034214455058,-3.8773404475398,-2.74494149770587,-2.86940881647628,-3.7151865681448,-3.56945074027046,-4.520748310883,-5.04244394868136,-4.52230445470765,-5.35005932194844,-4.92113697838812,-5.21777448466366,-4.85003407283559,-3.76686698283718
-0.0870266575628924,-0.0344444008222497,0.277857675638788,0.885479250098542,0.691210256660084,-0.0915527280850836,-0.239742212880466,0.273439138578131,-0.299128600529778,-1.21071206674774,-1.17328637413786,-0.797941899568431,-0.129619004162398,0.430094858764727,0.0733712269890949,-0.429050719537156,-0.401225105465994,-0.271431815788501,-0.352752602579922,-0.182588948244243,-0.457427365294562,-0.48729985505932,-0.245782247550803,0.874793445992612,0.827369906351394,0.994423323694079,0.655984558098675,-0.283041987425494,-0.409401028435906,-0.885866270944923,-0.250948935332721,0.857829436260834,0.961241715056759,0.63951576725591,0.32410328749154,0.273175152386269,0.261589642580795,0.415515664959373,0.129823077381564,0.474368580890966,1.15544315064794,1.19508142665738,-0.0301878853099459,0.201267720978086,0.570382625862317,0.332515133643437,0.83579872031232,0.577451096042943,0.224224010185468,0.918101863717914,1.57753195392525,1.25117501087146,0.197548639323386,0.258111787934079,0.693649044643485,0.0316129142443319,0.0193149677957221,0.486364105797394,1.11991363128834,1.23561427607284,1.17425706168847,1.13348846827807,1.30484924080371,1.48198661311936,0.793032669908694,-0.171619830527934,0.995526414543252,1.74157806417278,1.38192875212331,0.757637564143488,1.31962923158812,2.47576731441257,2.2486295038093,1.37168007226065,0.767995787329721,0.654708113012905,0.540850054572869,1.02575760422259,0.836211807584585,1.14550256709434,1.6152803591249,2.24256267201487,1.93253824868996,2.14831032115424,1.5174246120023,1.65226248868549,1.85763133983831,1.62024902549505,2.53472082076122,2.82114037351001,2.57135082648177,2.763649265848,2.62332575510497,2.78834211509329,2.73986353867383,1.8528106409774
-0.184119371097452,-0.00807483721186961,0.230397734877069,0.296106459859513,0.299134646151501,0.00475505962310652,-0.175540979049863,0.0835898020389678,-0.0630002616077643,-0.371137914751431,-0.410033536990784,-0.0565018128085815,-0.0416548117129272,0.098354074441688,0.148715703266651,-0.0280980532620006,-0.237945946014483,-0.127409789089222,-0.0977457529354067,-0.185061395434696,0.0571939291604752,0.0137177202902489,-0.0818315453574124,0.285196614201188,0.264696581126801,0.334885123030911,0.322262332736826,0.054437816531593,-0.137063232077807,-0.330816495173744,-0.247702837485242,0.334219479493939,0.249193561949193,0.172870212886973,0.121421812096969,0.0203427610294002,0.272052721363848,0.170858741766038,-0.0965139197955034,0.148791808190418,0.427810850079374,0.592148568659095,0.066783574039961,-0.0289436304561947,0.182750252486485,0.13832650944877,0.342042448629225,0.0732097149201456,-0.091037248932313,0.0316986644353029,0.497084000915716,0.401958601837334,0.0784605682868432,0.0071367334370281,0.0706311255025815,0.0639134615345876,0.0436061599890793,0.0887559566911786,0.620511699036036,0.27309422553517,0.227190675190823,0.370189650947655,0.366150901498056,0.306189302560588,0.287571301548729,-0.224069066008503,0.210680926291177,0.677649670078446,0.543904511166394,0.192075081624203,0.649906810827559,0.726933951872786,0.636686916936082,0.277050621410806,0.272272279103549,0.464077067841679,0.149783386618161,0.378884346514055,0.234916981785482,0.370413950874845,0.407053031751416,0.629783403030453,0.452693188765751,0.598701329757948,0.339520957954626,0.55346708162231,0.719375720672279,0.593788754046652,0.794200181492495,0.822026594826912,0.843733372430544,0.750553466018708,0.764842032510646,0.849952577961281,0.8788823171153,0.574657290177947
-0.163137761554321,-0.0279020259427045,0.187202132784316,0.536849925502462,0.265358415739442,-0.106422370612984,-0.375512086160968,0.227626173704432,-0.413894149522667,-0.74967312723904,-0.642287819428399,-0.269712806861538,-0.107199202221765,0.106905186519362,-0.119382467002431,-0.0578808106616467,-0.345049292917243,-0.0148620408864132,-0.0388599734202843,-0.0926630802276385,-0.268732754131665,-0.235225696177337,-0.0814627643285001,0.198634581404647,0.729966247549803,0.324903243139271,0.234714314037164,0.0214085402642464,-0.186533883151526,-0.31599918618534,-0.195185223103594,0.415406239016242,0.426045989829566,0.204587120731144,0.217378422589614,0.214203437540149,0.105443064823878,0.0770419972343309,0.0459770173940473,0.11984000231191,0.58788285011876,0.612854979968081,0.0641880887793064,0.13391895811888,0.246239238286246,0.233907070909134,0.219614873946169,0.242303333113849,0.0126033686723198,0.35941555196318,0.752367399801835,0.322117637378194,0.298842427720004,0.191666359104523,0.221897791160498,0.0831964060804411,-0.0771236735542621,0.140996781507252,0.54579077514513,0.508840923212378,0.373505092619997,0.553196358553507,0.400929288285855,0.667862361744424,0.57948672814566,-0.21233331146767,0.194014283647533,0.775361702715878,0.810796846222286,0.355965254694611,0.657339491825255,1.06626005027227,0.935898544729161,0.668583253158418,0.476016915133882,0.232331805064051,0.26750857836308,0.597210823184718,0.368218513246526,0.593338418020474,0.825412161219435,1.16963935532402,0.957231071741377,0.892428174241877,0.774558349167723,0.529722291009188,0.736721684986545,0.820225881316201,0.975196714416761,1.25311322598078,1.20275642680258,1.21640175953377,1.15366544522061,1.02802980818446,1.09585556686905,1.02488930349452
0.163233942362913,-0.0995913443512699,-0.381902234940274,-0.856006091491365,-0.859549330716663,0.184212059002003,0.332658493419883,-0.153811170462406,0.410900415478576,1.14105614200579,1.10256113635206,0.432270078335157,0.156240701294327,-0.379370600946713,-0.159167470884135,0.183983678638406,0.282786162400318,0.198182212761637,0.228228989450447,0.166492903677056,0.36336097243029,0.40653993665226,0.116000445584794,-0.787982681592063,-0.751620624801088,-0.973570304236397,-0.382414330673144,0.170155763983247,0.253673501868208,0.766006681932672,0.143201678324671,-0.757617205979474,-0.708738303927505,-0.480705613935785,-0.303151767895153,-0.0350813819246197,-0.319334678413995,-0.292564875246403,-0.105728096408403,-0.345365661425802,-1.13345664951791,-1.23909143897491,-0.35773029983593,0.0287978264563804,-0.420983860428455,-0.425822881867494,-0.369845820632248,-0.376237160588011,-0.164049089554814,-0.721995314295996,-1.30136280957866,-1.01854817804689,-0.181530407481049,-0.3349188519984,-0.470135088467826,-0.00521672959100697,-0.0630465779349145,-0.380685782114774,-1.06712185560622,-1.13430846190592,-0.946371126182767,-1.21803137809482,-1.06707369992143,-0.960285865842889,-0.365246599106224,0.129569564863909,-0.768500170201775,-1.40908068369153,-1.37570501252459,-0.605494620258542,-1.37712001279149,-2.24340503556553,-1.76573093149004,-1.00919336941418,-0.57573784959069,-0.33237784759493,-0.633220956417477,-0.850163560586368,-0.72528433991463,-1.02513158479868,-1.51816037949399,-1.72022071393733,-1.7259763027579,-1.78495219792776,-1.33445802017027,-1.29063453837405,-1.38722473661917,-1.37193518924497,-2.14247519977304,-2.2817084208192,-2.22850322238839,-2.5295257335787,-2.27040067022304,-2.38786979539949,-2.21018052584452,-1.6939636058013
0.131613158159234,-0.311680264703645,-0.45877602848429,-1.27799165206006,-1.08525797319034,0.168398115063135,0.284725883048018,-0.305128882620087,0.458976199120185,1.7264786781649,1.64836071785007,0.748599125791561,0.245264826574597,-0.282437408144469,-0.269848726234393,0.251009847168234,0.340947957358944,0.122789878392551,0.261090951463748,0.281003941521896,0.417841844142776,0.828636009535048,0.116561088406665,-0.921994060805238,-1.18521103836637,-1.41394170826858,-0.581874179122062,0.272081581833847,0.486605846898549,1.01709075054332,0.423285105370269,-1.00261439812416,-1.28082206785951,-0.867640125171567,-0.48262366366301,-0.2053468944259,-0.514079996605175,-0.434573575640491,-0.0106468361510079,-0.343076386053366,-1.74074789834495,-1.78693712165719,-0.343190091652025,-0.239641651802886,-0.799206548032554,-0.531856674344174,-0.613421125681535,-0.69956815047659,-0.331203764905993,-1.09711745321176,-1.85478837214352,-1.45009441858767,-0.0174742913020344,-0.317686576797244,-0.783947958044639,-0.102242430660796,-0.134212832070648,-0.571797334197341,-1.46802539985898,-1.77206866757712,-1.40906673400258,-1.67892569968118,-1.55587916115334,-1.63945218060355,-0.985238568510439,0.0558696855544691,-1.18838466822986,-2.31452526353811,-2.01157722693705,-0.956410598073562,-1.89713430294041,-3.2578012282366,-2.97187718231333,-1.76403817814691,-1.11907226136783,-0.838433076431822,-0.70280280727662,-1.19104433881279,-1.30577440884759,-1.72894384306398,-2.2118609744046,-2.75209586051336,-2.81139684808873,-2.4583402992104,-2.08196245135293,-2.00779201663998,-2.45697705791066,-2.53907248810487,-3.06353302524539,-3.53094938824185,-3.06679888690791,-3.64571770220046,-3.50130308686713,-3.65357533125859,-3.2553454997396,-2.38326068823986
-0.130643304299579,0.235234629142267,0.564251080932678,1.03176118195739,0.798628001539751,-0.12655898323733,-0.302011898770641,0.396510006797878,-0.323909098598831,-1.39520361860757,-1.02968166232593,-0.684580054607221,-0.189414767812054,0.268897554709956,0.067436019131881,-0.0458460472913679,-0.278953287912687,-0.0650885961334376,-0.225627475183568,-0.101088540725609,-0.181864399695388,-0.517201775329533,-0.16075417339753,0.786011435461028,1.05722249105007,1.04166371235278,0.473003056714937,-0.132912657770851,-0.41826683502731,-0.586050585599801,-0.230776452469545,0.834541129851495,0.837317751645694,0.519491955047027,0.258855428303471,-0.0231997620940982,0.159327699157801,0.517862885514558,0.00365833152130506,0.208102125761964,1.15266603285093,1.24663468085746,0.192305013999691,-0.0696966290565683,0.588279017140659,0.361534106552453,0.452509760362011,0.383380279622572,0.237661592968645,0.639500555758772,1.32678079030299,1.10731576755875,0.139233021633035,0.226452058504626,0.518704934307984,0.0990168432521766,0.189887506819499,0.381460904493375,1.09319570679016,1.10866917478168,1.00230273266341,1.06207741047062,1.1179316153263,1.32555767011981,0.707290342643808,0.039876883358622,0.700979501893971,1.55558670837225,1.44930608740893,0.661158898367213,1.33663292828909,1.93316829109021,1.77693113808086,1.31483583242198,0.71335139629428,0.68321957916974,0.55147711487117,0.771729450978059,0.994111991963037,1.32149405640794,1.51451099874115,1.93448157564594,1.90898573528097,1.69888911251471,1.35122851856299,1.38165657458786,1.70768212557186,1.65914992089759,2.06977113662961,2.46645524524684,2.41379300345613,2.61749346649367,2.32463638672153,2.24044548211844,2.31391354520993,1.62169789121416
0.20439642559538,-0.10815440388418,-0.69719918512049,-1.30856354727501,-1.2298232911133,0.315529020873007,0.282825769301332,-0.499468176596467,0.492065155383739,1.84033550651333,1.91092607875514,0.793500787244299,0.319542855404549,-0.373822437141861,-0.0773882666038045,0.452721326433827,0.398545289883562,0.287270293271764,0.338091593478782,0.267577240819396,0.328473082158188,0.633311344381693,0.292295128320979,-1.15834717334035,-1.32297509322202,-1.27168274754292,-0.636386145525079,0.203925011817795,0.635455231401589,1.08266838297707,0.528619941222677,-1.2143640165944,-1.50453668216548,-0.943702404675795,-0.505777583410101,-0.0860507217405131,-0.287150251683852,-0.496556518327055,0.0858003983326061,-0.704376362865851,-1.88795195174312,-1.85616291020665,-0.380116513804897,-0.148129429097049,-0.884951909855031,-0.662109576871042,-0.939666140378502,-0.740851762681319,-0.330635633981617,-1.12185499234789,-2.20612045762945,-1.7554892743374,-0.415731766658153,-0.411498929933434,-0.798214706472601,-0.063992569179428,-0.294082733082874,-0.623153862596211,-1.79701841342461,-1.89432936603638,-1.49663532268114,-1.608969486487,-1.78026450030334,-1.75408175328444,-0.975848872451194,-0.16736459785853,-1.25928417083267,-2.35300315227476,-2.19473345508076,-1.1900445464038,-2.10626685759401,-3.28005896321146,-2.96443169034772,-1.82742201910571,-0.895857167920936,-0.912612223635695,-0.700368933860827,-1.3973124784381,-1.51210011705231,-2.0907684999207,-2.55355628950462,-2.99055224347403,-2.91487785336114,-2.87700610163993,-2.03119211382968,-2.14486756816099,-2.75602433952031,-2.74850297226468,-3.27957412061189,-3.86339413094939,-3.52796058445892,-3.87873928030199,-3.72938141689255,-3.85435826306716,-3.61269371440265,-2.65019863962675
-0.0519309403251162,-0.0562005997743173,0.0644221667235811,-0.0796140822610804,0.0195530908796859,-0.0252711456999069,-0.0869065656500233,-0.0354077340126206,-0.111157536822021,0.0646151386304009,-0.132952259348009,-0.15004370928628,0.0726605438946597,-0.096580376298125,-0.0793419791592322,-0.00892742510059405,0.178792353913603,0.0966556507131565,-0.0258312493471156,-0.102881466278292,0.0276891977968654,0.0972203596045399,-0.135020792896531,-0.150538392127592,-0.029507982923872,0.0144847676228818,-0.0380613939242477,0.0219943723268916,0.00411900366221442,0.00679630566007633,0.117167968917412,-0.120184214196728,0.0345944846472685,0.0626374919475039,-0.128069012933357,0.0385282010387079,0.137904600434052,0.0079285050986014,-0.173658529987832,-0.0808207609428558,-0.0808190835117174,0.105504892476998,-0.0246899739986308,0.33858119886899,0.0547726492247356,0.102850951648123,0.0747217453854715,0.187597923799173,-0.147734713283138,0.239338826893298,0.122702847053822,-0.0348351416989898,-0.00413203011293834,-0.0797866814988902,0.132778021202426,-0.0452888023098244,-0.143951806180549,0.0256113653390621,0.0189630404286928,0.249985323940163,-0.0600085234704875,0.0844984312192939,-0.0766557568267028,0.0627016212668021,0.0587935669365445,-0.0960390401121644,-0.115193053156606,-0.0340273928470657,0.258864789184249,0.125576799465924,-0.0704245830677049,0.109212894430648,0.0318677241697304,-0.0521855443147797,-0.0936382535213532,0.00206043926413603,-0.136874178976303,0.190243842155987,-0.103919578459372,0.0114161385823813,0.14172314998899,-0.0176332708227157,0.084824014387641,0.283036286874252,0.0824008355614776,0.126992880879218,-0.0166263879517261,-0.0143326793158822,-0.207190854815693,-0.0234390104711846,-0.0687516488808964,0.0224805610077566,0.00241658412989998,-0.0757328130707437,0.0572477423621551,0.0713090502041281
0.263461570625911,0.0333860174586144,-0.266378731482638,-0.508315817071308,-0.527526201607313,0.227408160782418,0.284328066671496,-0.358602026883047,0.0548437039786005,1.08354596168154,0.966524690215356,0.424213236295088,0.0332288161903601,-0.265198148312658,-0.110270320673189,0.312150108030043,0.163363483688753,0.147841943633005,0.0352110995633293,0.0299590648587208,0.206073516044767,0.475371057391588,0.230535246890557,-0.520639952206654,-0.727758065914557,-0.523322684412602,-0.452532674857284,0.222351588696513,0.303180894980569,0.629142729029557,0.221818843174354,-0.641103719116618,-0.806510159235581,-0.411764669955049,-0.0804450582994492,-0.114119366317281,-0.153223324745574,-0.219306879527923,0.0631162704009304,-0.295024617797781,-1.02315803663733,-0.97705322882502,-0.208251405914435,-0.0206049841947433,-0.316642207690523,-0.186361476170186,-0.353274153913044,-0.573928650614253,-0.100085871381896,-0.528093650265348,-1.05692219643798,-0.817484807872129,-0.285203847269167,-0.212918719654057,-0.387149336762006,0.0489433563894857,-0.155813583123104,-0.294052015496307,-1.03842268705815,-0.970885405674801,-0.901798309071989,-0.779133114074969,-0.860165482728517,-0.795800025417307,-0.52737625062909,-0.0601662736878079,-0.57239143864478,-1.23851339926172,-1.05567384277569,-0.555813525300584,-1.03272395380835,-1.6157593629481,-1.39865660514875,-0.960234378414031,-0.371313387828543,-0.456749595023642,-0.585461216949024,-0.902629501307097,-0.794625447570895,-0.97190752659054,-1.37409283556466,-1.51263402814463,-1.37141673267109,-1.50205653500094,-0.847574441765234,-1.28839065202639,-1.36969693591949,-1.20781039634215,-1.73436047113851,-1.84260555972143,-1.93733859105052,-1.94454410065066,-1.88566226569532,-1.93163191218461,-1.91500122078368,-1.49590886055929
0.0743111223173595,-0.010012485620981,-0.230144559225633,-0.307883742499542,-0.27793626435287,0.0467170348253906,0.0522487813708962,-0.0986678473183673,0.113643253995243,0.277189344196053,0.356058682819505,0.0413482952012958,-0.0173325370382935,0.117104997086104,-0.249117440938414,0.0311673240670053,0.0787271017539729,0.0760219543808813,-0.08236182183112,-0.068237726674487,0.118848377932193,0.271795630376723,-0.151040353207516,-0.146792007289648,-0.161832536385142,-0.374070905299633,-0.0826087946271453,0.0373462542050697,0.0317413073576937,0.170512995809135,0.182017483297699,-0.195820010427392,0.0685826578671591,-0.214743431096371,-0.150523624905501,-0.204347774684597,-0.036035974824578,-0.10544678816793,0.0470988769515717,-0.160901609873552,-0.183942468293899,-0.317796446849344,-0.247046606040041,-0.0448352214688738,-0.145342628884302,0.0171462380182208,-0.0474235401438062,-0.0324501903986699,-0.00546756899922365,-0.166067151998745,-0.121919883084622,-0.120877334545864,-0.0775130073803247,0.119560804766037,-0.0334435483536184,-0.0589901926581142,-0.123254696818501,-0.00994761157201403,-0.265333996702131,-0.331462470218152,-0.118827672063542,-0.35484834552456,-0.291988328127247,-0.191682939950542,-0.045286659966268,-0.125671395050156,-0.268256711627515,-0.299916082113497,-0.203513930022517,-0.206894833593819,-0.388950009812303,-0.453197885716533,-0.44235442386044,-0.278148227047442,0.0561978383714121,-0.108363230037919,-0.18979603503877,-0.021994613363312,-0.14381669565594,-0.262680641360104,-0.463636498295392,-0.302595463817116,-0.468604664274196,-0.41684102262556,-0.215355521463877,-0.209778788945765,-0.248142923839583,-0.430233419449222,-0.612021158649142,-0.480956874372621,-0.584410358939272,-0.618998316823381,-0.535234843705289,-0.591366959132298,-0.389317329146529,-0.424300492316729
-0.00336548774761559,0.129514177798189,-0.0778963299607455,-0.0913012370908943,-0.127948916003423,0.0312078770439046,-0.123089918451805,-0.00685724664143701,0.00304619850384422,0.386160350403016,0.325290646961465,0.326384681368225,0.160734205997252,0.1427323358461,-0.109954170941836,0.124156525177634,0.101097976191797,0.0188713488970565,-0.0796815783966249,0.00129199029630388,0.0512003258097673,0.291921168664441,0.0832411124686378,-0.168369921717217,-0.180980059619082,-0.140347066623455,-0.218470070425132,-0.066442308471245,0.284306164557865,0.196862593627207,0.123303651882228,-0.0801659886765654,-0.258647107899521,-0.176264780957971,-0.19460233481831,0.00657160602198811,0.138727642004948,-0.173567981485565,0.0399261554885015,-0.173805816053307,-0.244610743257414,-0.374622999616359,-0.0526585145348883,0.197497286052929,-0.232581767305359,0.0121424612047952,-0.251161727667805,-0.244322939859662,0.0627541118145745,-0.180077515675077,-0.496667600866804,-0.0136516084606649,0.115721531319173,0.0188280515019498,-0.310834322138823,0.0207585678509735,-0.101355414828543,-0.0926994466980268,-0.348836300739639,-0.112840637206126,-0.372639460220523,-0.110659024686574,-0.463724734041174,-0.383885016191123,-0.349058954461351,0.0119771303329078,-0.258882661818898,-0.332663427378948,-0.24521029762686,-0.240770038275928,-0.188105142766229,-0.639407404889449,-0.609243502535439,-0.315558729192016,-0.0038349434518743,-0.190350667158407,-0.13624833827236,-0.129981508778597,-0.221325047713648,-0.489128572884766,-0.368975561748299,-0.54455099441439,-0.420056734428284,-0.495849250593765,-0.274627710182292,-0.287210205397173,-0.43786783071807,-0.521897002946477,-0.530058539446677,-0.735209412573528,-0.354384236648095,-0.780533199379124,-0.631496615280973,-0.759000915754062,-0.522607271916495,-0.205052964760754
-0.119614406897233,0.0700105015993423,0.445223757709763,1.48193026489828,1.1780621023584,-0.381574348028823,-0.318899954188267,0.520778485976055,-0.514605024534229,-2.17110598204919,-1.95384747232433,-0.903213687367402,-0.250824909720356,0.405874072427283,0.134814748749893,-0.436416426764371,-0.479102379135572,-0.307684097805515,-0.240255767536581,-0.486678126735198,-0.457972328042543,-0.875527507982309,-0.363238004279101,1.4484292988213,1.68685735845477,1.62811457300233,0.918723740516622,-0.190026938221644,-0.918855672389718,-1.37895088568271,-0.656217256660051,1.50538808801977,1.5971779946066,0.885964454782611,0.653234996162972,0.0596935200925415,0.625141347625712,0.407465604263795,0.0950840396523355,0.674140816850804,2.16878564703082,2.17314669808063,0.406633631184452,0.228871624045403,1.11847565298682,0.530972653444582,0.910054690324032,0.942174061553432,0.161590019925494,1.23971343395343,2.61135453034848,1.86966439020346,0.394887135210013,0.586895241876954,1.06974196382549,-0.0393079497217981,0.056909795489732,0.681923897374475,2.11456117155059,2.02944373039941,1.60114557843712,1.93669458389135,2.07753080914556,1.95647213755898,1.25436296241276,-0.00935266319005787,1.44718261191113,2.78257773618842,2.56774310168565,1.32184262454282,2.64283871064822,3.67756246907745,3.51237763713412,1.95524424817579,1.2317549867815,0.995209606911236,0.993722986526072,1.41631632935013,1.80860115936841,2.21353475438469,2.94306896891202,3.40615637893942,3.26283467392168,3.28822175923265,2.4116992592585,2.26686332842298,3.12347804590958,2.92234478185768,3.7889975554869,4.48811462624192,4.0273344564047,4.5865417846683,4.30545741642887,4.66100532511857,4.12023731216073,3.08981967369577
0.024153767791715,-0.0641316060801409,-0.374889712867315,-0.431628134180747,-0.353323266702064,0.134420540325882,0.0198585962086132,0.0624791491388608,-0.0355579934483038,0.388670045090385,0.666497689190815,0.162112695215637,-0.0120633928663868,-0.0978540016047042,-0.0574540080720422,0.0326862661037505,0.119126976032897,-0.0656704404144603,0.195342775024974,0.0695339510573293,0.402602943168238,0.150922063753593,-0.0985998877223531,-0.419430038611625,-0.562294156650381,-0.474833465041595,-0.289709525334724,-0.0694860884397524,0.205233101642048,0.23180681526684,0.1148783417252,-0.360646012594489,-0.430489359316036,-0.314197690641116,-0.0998675933894872,-0.00404676086103148,-0.0950631089048816,-0.376907157325734,-0.117565420439462,-0.0885646441320472,-0.572157779191678,-0.618483286725446,-0.1622452618723,-0.233412364744931,-0.215872132792006,-0.000928131044754865,-0.304484568606512,-0.113942261153015,-0.233314740232818,-0.470958108067945,-0.658416379011167,-0.665535285180698,-0.0290502726942919,-0.135658682544075,-0.278335551832799,-0.0801294180327047,-0.047404209876256,-0.036514385057819,-0.368352548427156,-0.509855941043103,-0.641761322980616,-0.555391066458579,-0.576251885426618,-0.757650256763461,-0.124992099086896,-0.182257944082828,-0.290435485745307,-0.894654297579732,-0.665616065349468,-0.334209015256764,-0.428857273850004,-1.12253182232592,-0.784055745879232,-0.459060044774338,-0.40141045662539,-0.306853296119505,-0.346362643873749,-0.60009916105182,-0.637090353585474,-0.485395991243509,-0.737928541258855,-0.881981034542172,-0.8301791214727,-0.734295386588802,-0.695854889908469,-0.685442376821946,-0.941679312974983,-0.852333339151974,-1.05550918233372,-1.16161600156964,-0.891785022796038,-1.09894542303756,-1.16334463203611,-1.28919312259275,-0.98838449757265,-0.883503444354384
-0.121067175548684,-0.124062270716691,-0.16704830506374,-0.504815489260692,-0.39601195583155,0.107893252319424,0.250734212852164,-0.374301895609316,0.33274474451722,0.754323036061686,0.828702780614946,0.460096522629534,0.030503263201685,-0.382199948489394,0.00847940470144254,0.216070180022122,0.197293549834481,0.276260398786167,-0.118186746395789,0.429913206969468,0.275935779209239,0.287686971423039,0.0449864504114259,-0.626897092228949,-0.566853627633619,-0.577358950713767,-0.277575667789119,0.2894742088271,0.231989928789228,0.472780634988172,0.20706465709378,-0.462546506221803,-0.654434345770444,-0.46636345817038,-0.261819147193297,-0.243231273746237,-0.212300083901967,-0.0796618619435688,-0.0500217520300255,-0.332193532744694,-0.78019491197737,-0.69445896959436,0.00512466847870055,-0.14278467068445,-0.386108604787778,-0.219564709122412,-0.307487939310099,-0.495848885277664,-0.061205640687618,-0.506846787783395,-0.86640604650947,-0.714409572506612,0.0683230669092054,-0.255904539610491,-0.243275365134914,-0.0726785841141589,0.00722508829469339,-0.174389638388749,-0.562219460986612,-0.566402698293199,-0.584093654386707,-0.541592996972559,-0.685419922660114,-0.849678852054536,-0.406733791597497,-0.085965350861313,-0.555517776599598,-0.88999410018493,-0.775454953358509,-0.504879856183012,-0.850179396454735,-1.3275200048516,-1.08043197988453,-0.858295781792724,-0.324052441580974,-0.479114186655491,-0.295679277433104,-0.38625161413459,-0.562287222194772,-0.694044633659177,-0.933502659142922,-1.25393387453261,-0.999337178596426,-1.22773003450271,-0.56748178115287,-0.939608668736102,-1.08155687373256,-0.985402436177241,-1.35111794819912,-1.5617342311254,-1.30867779346696,-1.67490251428322,-1.31638386662822,-1.50686799704075,-1.46449290787994,-1.0186798174278
0.212500313215025,-0.134716379683691,-0.916629637335155,-1.92015775002833,-1.62253861708513,0.389260156874375,0.409110399846241,-0.53775209417375,0.630575017017461,2.78438410120745,2.60609906573772,1.08358120364919,0.383882329897734,-0.412027105757295,-0.467481199898417,0.694578989540379,0.464220897761238,0.502091327880461,0.536725085140733,0.48792682578449,0.616974973685317,1.14203120750751,0.512908368888753,-1.79203725075027,-2.04795948806015,-2.14909295160367,-1.04928524376275,0.459092166295992,0.99207263295438,1.79565089414945,0.633240295880439,-1.61027707547233,-1.93543398159695,-1.3314172930976,-0.735266259911226,-0.223171816328616,-0.641845035732076,-0.816424638247513,-0.0302797776701164,-0.642596743851191,-2.74898611112182,-2.95011820649114,-0.459453244472004,-0.279588813620734,-1.25428727156889,-0.651912347160636,-1.2254365945717,-1.083350471102,-0.463632838077168,-1.48231546997731,-3.10929526351442,-2.34322024551362,-0.302846698234239,-0.539992561958973,-1.37078731448946,0.0355146524397797,0.0451640869748622,-0.855467303771284,-2.60718496213084,-2.64963998798851,-2.20852176308564,-2.54541045070607,-2.62734293803386,-2.46230345547176,-1.72368993166399,0.0394299909569447,-1.93333216050333,-3.52485098739216,-3.19239751536351,-1.75853889394696,-3.03236066074076,-4.97466335828834,-4.20131124126091,-2.59091282278621,-1.6237025929918,-1.34754766370024,-1.36293573776366,-2.06438046538963,-2.1222703874803,-2.67113115017385,-3.59435962521104,-4.6599100744553,-3.94658017450152,-3.99096103157269,-3.12581299606961,-3.04683116289412,-4.01565870730822,-3.81051646411874,-4.60879630518273,-5.72063084317448,-5.07473515726001,-5.98977761891201,-5.45961469091876,-5.75393713685836,-5.17486705419565,-3.90138970109389
-0.022845025718839,0.312057929590597,0.790482660074035,1.56801186725361,1.30945508917212,0.0150507776054526,-0.256402004892525,0.575064392653339,-0.400232880937517,-1.99387302926362,-1.83130622019708,-1.04068795752294,-0.340190209499025,0.463229376624514,0.133689499421716,-0.414553096672287,-0.526667679664777,-0.41485869725239,-0.342299609177541,-0.41273578555,-0.462863215178956,-0.919796472143699,-0.356779662272589,1.1817548136297,1.45469846402879,1.70729797582582,0.682112814770213,-0.198180495840296,-0.702797121159888,-1.2335159695726,-0.572706432236847,1.36707603407809,1.47331769669568,1.02827337124438,0.456393481631945,0.0396788620144006,0.456124444862155,0.624586419929722,0.0673911627926987,0.50180362015643,1.89491762802841,2.29570210275725,0.259423544246802,0.146436864681468,0.743028276895615,0.394999823677646,1.08191907727355,0.719310037492919,0.299895966961921,1.37154108674931,2.50298168834604,1.85098682018438,0.243806640619261,0.452111231960756,1.19253922057651,-0.106034228301526,0.0805850887779012,0.50839096438371,1.86574257002127,2.18487242039775,1.65348450453199,1.72712196239318,1.92759793926258,1.99987716625581,1.19400743529176,-0.119913970308768,1.54902601821043,2.72129340152087,2.49434515614709,1.2760735431707,2.42791770986263,3.54754971553071,3.14853469979897,2.09462164377122,1.23374313229387,0.965831351906669,1.1344779808919,1.54515510149689,1.63231628169325,2.17566907999253,2.6620753099104,3.34515081998775,3.17614085995226,2.92172922553301,2.48231514641523,2.29029835322674,3.0407283783391,2.94096800985288,3.58698034635416,4.26948282432508,3.75452865495484,4.27049457525314,3.95616237716516,4.2274580208128,4.00541660714126,2.90249000437465
0.00781029131026773,0.121270706372999,0.0365544033753695,0.152849758317091,0.0318779472146531,0.0370373555655042,0.00478698531362927,0.134944962949105,-0.022973692010946,0.0143529139286977,-0.0228552718401336,0.0144482487218023,-0.0823028728772613,0.0534889920451918,0.0186665050919652,0.26007405353597,-0.121565456515676,-0.0489759288408463,-0.0707314200499963,-0.0871339765292584,0.0351409776496431,-0.0189453455380098,0.0495689238689399,0.0830040712519037,-0.197343254172236,-0.0403242145882939,-0.110114569056984,-0.0551107337553208,0.0243152756240223,-0.0651759400178754,-0.0315850125009978,0.0993490607974335,0.159818232409627,0.0527955779488251,0.272399697315571,-0.085724561812929,-0.216944853852009,0.0405583310135565,0.0850520219526173,-0.0613453255110786,0.0627960996749328,0.0778873965686,0.000143188532113692,0.0609564308916177,0.0551283913420362,-0.00259698813719287,0.0864830080356707,-0.163562153847838,0.0243364889669622,0.092138184044298,0.172999170484387,0.188905082989038,0.127619885148998,-0.0564707136566335,0.130249577071378,0.114141750733319,-0.0222693406752847,0.054701687048352,0.114476574375058,0.0904362272517481,0.171583855783394,-0.00207580807010541,0.0762992469441899,0.0488620831775947,-0.1494067297291,0.183460296716588,0.0933198868885094,0.100570282797535,0.0970141936145787,0.219563476308487,-0.0380065039886515,0.127468487009725,0.0939231184381575,0.0725169967522734,0.0642560932114333,0.089081012289894,-0.115002131369217,0.0842795393318765,0.0875426683564533,0.197229999915236,0.016436015695434,0.192632716259294,0.241007535994861,0.137812149010297,0.127133548039373,0.110697827160906,-0.00147799946943533,0.156929826495478,-0.135071571288648,0.115116800397373,0.0751289833839709,0.334527778332403,0.0190834563751117,0.269346283248448,0.0899078237213999,0.160672026600625
0.0259505692077626,0.0447734705872116,-0.368202597274844,-0.412422529384298,-0.472251897717388,0.123775320291349,-0.0341857731297181,-0.153685310341912,0.101089440642254,0.444192085514366,0.47285812648421,0.236609364970095,0.101785670071564,-0.181644431149066,-0.0804378253239902,0.0838692604138814,0.151836371928132,-0.0778064145285907,0.0829698173158467,0.149151790019937,0.128503343573253,0.342041140677956,0.175431685997601,-0.305680711267972,-0.49916745282681,-0.415439675417395,-0.130075797118863,-0.0481590621236806,0.285804655551599,0.290780695815515,0.306094712544237,-0.450182659845724,-0.465367980071426,-0.419518467827917,-0.148767733643554,-0.0282952113208303,-0.0765783870180484,0.0853589467421077,-0.0117784588224573,-0.201537478713788,-0.347606953810455,-0.711717087554427,-0.0739465066701749,-0.125055706526367,-0.189467872096124,-0.164927644487393,-0.174390403110749,-0.191007125879556,-0.161883276918686,-0.417947949182554,-0.525664877122146,-0.463776676924162,-0.0544246076198109,-0.065604722475975,-0.204241024948846,-0.121790232054545,0.0274520224410787,-0.294003617121581,-0.66534856910475,-0.569122181618609,-0.476809692028371,-0.517970099415173,-0.2833534886316,-0.401236717380089,-0.319458152468172,-0.0872951033760732,-0.374006337257863,-0.803041612232554,-0.78708483007341,-0.548806871283419,-0.952777526388125,-0.921029374503117,-1.0267260026958,-0.577319452291392,-0.333999568999733,-0.107829120149184,-0.297900724213332,-0.303739161553704,-0.304782372863443,-0.503800686262886,-0.769464758449321,-0.939572985199149,-0.804225811024832,-0.774645844346328,-0.603357464391677,-0.533480408883123,-0.873565064601807,-0.787512320846194,-0.863766814197318,-1.24361582124799,-0.968948572894729,-1.18148713108129,-1.0683737852408,-1.0153816903046,-1.16743339801782,-0.730102581204892
-0.26225709118422,0.101470792299901,0.381570845556747,0.330187464151069,0.507789176874814,0.116143755901956,-0.216975177142236,0.219608499438008,0.029000784324675,-0.641222284580409,-0.824996520283242,-0.285476301729579,-0.139049694792583,0.184103992756256,0.0433310790015814,-0.221810904064895,-0.0890056418425196,-0.0786717387576706,-0.261866109244806,0.138973483936476,-0.250366316546299,-0.224151205431424,0.015126174345977,0.43258774862954,0.610078167664281,0.587167569722205,0.267818605916833,-0.145185910472528,-0.185598869195607,-0.524740442257257,-0.171061651576727,0.600349698328531,0.531910067671258,0.174165776537061,0.225172780389342,0.114598330145777,0.169325295376744,0.334316769524095,0.0611857307628624,0.255066295654566,0.795695703933073,0.763616812456153,0.161384590658032,0.154588182898262,0.37827986515632,0.502034231907884,0.359339120335588,0.399615886019462,-0.0184143904866331,0.509225597939177,0.869384506985801,0.513552179032919,0.0745300244207157,0.106476036982618,0.248564469103262,0.0941653458356867,0.00890110237627114,0.079169796055286,0.774125849523144,0.903293073051617,0.504251473387409,0.556583621808268,0.691215925802238,0.778738672993178,0.481460203548294,-0.0891801584965413,0.445283517662593,0.959341466329808,1.06974382775838,0.416627160864504,0.933584692976781,1.44628721003918,1.21745409562671,0.800312073937141,0.342596840252542,0.477096831734298,0.373425881307666,0.627533492757936,0.340032783976268,0.764008424770614,1.09458727434216,1.294337364833,1.24680090953932,1.20912541549082,1.05224579157004,0.760917910029118,0.998018555538377,1.19785415661396,1.46249024949537,1.61035681585691,1.60299328599759,1.79525783884517,1.70574492624537,1.65735692620298,1.44448288287658,0.925216595452805
0.321391158194169,-0.244244971607756,-0.199530068805075,-0.719024963199651,-0.592309742740319,0.0131672090109471,0.425814725154312,-0.118529339423392,0.155299969806468,0.967290246129813,1.01932218021421,0.352060963648386,0.188753931332555,-0.149164131994566,-0.157748307400757,0.233459240999049,0.346514590758993,0.144889618652429,-0.00604882243578808,0.0922244346097043,0.153897711011696,0.244883668319195,0.287851042042501,-0.488196035441978,-0.712052008085112,-0.758853211140363,-0.298397757579165,0.0632499147467247,0.32048602633156,0.50097243079453,0.11812708083327,-0.656508671480591,-0.846070820484476,-0.475055462197315,-0.46157400835327,0.0631428209494329,-0.271371787946464,-0.154851839919332,-0.00366655485173342,-0.233989805674121,-0.906476793203147,-1.10379293233574,-0.16720593882895,-0.0744450207705217,-0.541406389185893,-0.241312224506131,-0.562424426973991,-0.336538006090696,-0.177095138818347,-0.499569905078463,-1.25893115120072,-0.820243658705844,-0.096173089334047,-0.161706740884697,-0.547055526652299,-0.0845818410908705,-0.108918410933622,-0.216676046317596,-1.09547704115348,-0.862077156376242,-0.770269381752852,-0.759026564131594,-0.96700916262302,-0.873010251941612,-0.419389109049547,0.0264757654970542,-0.667295075171749,-1.23376306172906,-1.12175179462419,-0.550486354838371,-1.08022731144625,-1.86558517483827,-1.57976516016201,-0.86166302205214,-0.548881954079895,-0.405322722529252,-0.469353689371433,-0.713962166078131,-0.704385566038717,-0.962174843044495,-1.18559990858434,-1.58057241315221,-1.50171515524937,-1.45460509167466,-1.06662357009595,-1.16193554636472,-1.40505117821068,-1.36435747737869,-1.72484169315189,-2.04689460692676,-1.80351110017518,-2.04250930237354,-1.95374008862736,-2.00235959668426,-1.68476660743714,-1.41496107057626
0.0691485160667594,-0.119060194923673,-0.416374798319165,-1.00625823065345,-0.954975747090325,0.165026316768892,-0.0284593598568433,-0.458231943564314,0.33371703562519,1.38307985846984,1.3147666923748,0.52061997254503,0.13864085880201,-0.198584039890732,-0.109158037794093,0.487833903680543,0.285714710564999,0.16605763303837,0.270691432728852,0.161922492085127,0.336711273036851,0.371245535619169,0.173485237145539,-0.654787148096656,-1.07972759280122,-1.0261936344636,-0.568489635101814,-0.0254961109935924,0.363280252742226,1.00882830131402,0.422840425886163,-1.04591400987403,-1.19075430676745,-0.941126841603599,-0.275950820285842,-0.117286543601578,-0.250664706145169,-0.421896360901577,0.027510364851763,-0.388729259810852,-1.49966615854843,-1.34809131494769,-0.340118699801589,0.0958189658705954,-0.603277375876094,-0.431484691094678,-0.582682203829909,-0.709119707363751,-0.104975413818712,-0.879818688761148,-1.60346723572006,-1.24280009295217,-0.142718217533812,-0.174445037743119,-0.624825779051517,-0.0909783985796576,-0.0978020309051949,-0.453070699052394,-1.37631980282852,-1.36860740318305,-1.06002618497944,-1.31684559348095,-1.26724679115103,-1.24490341738224,-0.790194862758195,0.217655141424658,-1.0730822469439,-1.72133290427636,-1.45591878607097,-0.990959632604277,-1.69838392067134,-2.41315487553703,-2.23307036262829,-1.34418730396846,-0.799962961413181,-0.766281254376449,-0.669687154674671,-0.917698156250845,-0.996261779826194,-1.19916857360582,-1.91951324792374,-2.05139257435195,-1.99040582457271,-2.04198048492927,-1.35897466234654,-1.5272391609274,-1.97327496118419,-2.15482852092142,-2.31781963928832,-2.78665627541133,-2.42330785422847,-2.79417448259362,-2.71599913716744,-2.89875307575747,-2.5986804040881,-1.86472071540191
0.0551295047562151,-0.267496326513143,-0.389350391376968,-1.09913279133144,-0.705246974739829,0.258256316524992,-0.0544522691052615,-0.469922734464444,0.368969037562013,1.25322140040389,1.02876087825886,0.644334361944884,-0.0357339441778469,-0.160846417391589,-0.22315573271948,0.3302935769672,0.40432307564254,0.0165372065778852,0.203628825547351,0.222309972966175,0.243544430452524,0.389318987950358,-0.0289250316176294,-0.829202121435365,-1.01197944189243,-0.967421919229194,-0.595378661857254,0.160823393049964,0.580746472239836,0.950430152697527,0.341711931327349,-0.887898354271383,-1.01204292719584,-0.660415876997998,-0.394068526017895,0.0668322034487754,-0.304580615270681,-0.491950726013197,-0.044047648674421,-0.355604423967027,-1.06249164233887,-1.35211673068963,-0.237730966121105,-0.0887620579950896,-0.454060011642665,-0.34006389498396,-0.675847672401604,-0.350633753433541,-0.100531144803032,-0.84560115154677,-1.40358443967133,-0.88924670665061,-0.194367468441013,-0.201957787983514,-0.621007295067796,0.0225966601667394,-0.0241573485737938,-0.437706757490438,-1.02888640782299,-1.23488344034561,-0.968518110614884,-1.089159677186,-1.15147779184679,-1.04195832875258,-0.550930164155495,-0.0665986157821502,-0.799169668514036,-1.59623905985661,-1.20239686569001,-0.819608377537332,-1.35665853191088,-2.24981935687245,-2.01643733862522,-1.16972758945362,-0.723784138127061,-0.580173702510014,-0.58430731725999,-0.788436179815492,-0.928835943457754,-1.35402042129645,-1.58362788653998,-2.00542094855979,-1.96361505891413,-1.78924448723292,-1.22382412506109,-1.43345663946833,-1.76940064831153,-1.66659639434867,-2.21395834953526,-2.51075254886154,-2.4067066674306,-2.74884369942813,-2.42131246870628,-2.58425423318048,-2.3570345384265,-1.89089036228871
-0.131230336732462,0.00201275002426947,0.142077795104381,0.192052163570452,0.0325317415353983,0.0370225901701639,0.00656222603916332,0.0658679446263181,0.0953199357788686,0.0694508502946023,-0.149652740966401,-0.0572336630941453,-0.142379140609863,-0.0219394883458418,0.143947189575374,0.0327394818646576,0.0681697981628873,0.0375471066121379,-0.00457013734879171,-0.154595398681233,-0.188514187751745,-0.0542108409477148,-0.00100903875282234,0.0917035437878642,0.0243472377051629,0.226879238548323,0.114315791639035,0.00166546487525959,-0.220507926353821,-0.134526812655791,-0.177518907323783,0.0737336672470842,0.161534552574612,-0.15891340352336,0.214427492059363,-0.0536363433390185,0.00423929067018177,-0.0116797551025084,-0.156792534126151,-0.049763665044944,0.127148359680205,0.0371744646670812,-0.205131806448777,0.0343412829321554,0.0955266825257147,0.144665484130311,0.0617929697766107,-0.0784339359309666,0.24099713683164,0.0931603002457646,0.137158438076168,0.0739961660123772,-0.0190561255011602,0.0324808285585489,0.0565973848139776,-0.0711310560593879,0.165360661019174,-0.0360585888083824,-0.0685160804554747,0.220751369311028,0.231795159978079,-0.00964491862973832,0.028403817001712,-0.0574350108305227,0.055160851434333,-0.0401327317703002,-0.0483890201905811,0.0211308143167,0.227057100429694,0.17199739436732,0.222948505319948,0.160766206172614,0.112687148189272,0.0229771735991039,-0.0409988625749191,0.0709073840819966,0.189195827578071,0.138980713609201,-0.0488080889987675,0.143528728087057,0.0183425761621562,0.00550180268241307,0.169351145293665,0.170317146075362,0.162814851400858,0.157765434131484,0.0808425515223364,0.155754581490581,0.262380412539391,0.283713211548969,0.11082965573769,0.187704486261228,0.146924426130071,0.132462806870905,0.0679259779207039,0.142155955775664
-0.0595700280447397,0.0825319212526226,0.13081430836735,0.346490319088018,0.265276337236611,-0.0327701242930037,-0.174429294072606,0.131221987916066,-0.0982240584797475,-0.4484787688673,-0.320345252606662,-0.221080233510516,-0.118723907439437,-0.064959545540035,0.140609605021646,-0.0304142907635699,-0.137631372734653,0.0677702499614704,-0.302623444061965,-0.0136406084538023,-0.051490912976764,-0.241281039194199,-0.0524531778438137,0.227309516327796,0.410693580500157,0.396073661896362,0.0283905210812883,-0.157069788354624,-0.256487865799768,-0.290087598131549,-0.0937850846747007,0.293332489762362,0.370352484974441,0.190087206251246,0.230514487009582,0.0183691158314813,0.139788141560651,0.171955019852463,-0.106497189536003,0.0594205026802186,0.505243582366179,0.517440099467095,0.12616516032208,-0.00805886709825472,0.0618297913454404,0.0506943483947915,0.0872381107176887,0.135289649897531,0.0407245533282316,0.26743650150223,0.515172818391944,0.497555673928243,0.119114397366235,-0.0168029221613097,0.43755038746075,0.0614669474754233,0.0793456395653152,0.203029604517452,0.472848601320027,0.651393689092592,0.0589738031401774,0.359958309889692,0.399019844192789,0.441975464305902,0.421122055334897,0.149557248549464,0.508256642904751,0.445280832515048,0.439564122414477,0.438318113944162,0.470964566281818,0.770683149156028,0.640236835887616,0.551377952804677,0.179602615904708,0.256635008284396,0.145715571177444,0.201543146218058,0.345011814649688,0.588727507725047,0.644233748907115,0.742652068051812,0.616272470433557,0.617596488776695,0.603140251715355,0.748693239787161,0.67522503365039,0.636911432762351,0.954561028918661,1.0001109030193,0.719333957606444,1.0454613923278,0.833821228017547,1.01827219227506,0.75255866285846,0.754889195157712
-0.0964296580266489,-0.138794226650975,-0.702229007292381,-1.31252394742069,-1.25877285133868,0.292875949404472,0.285914514935043,-0.611521213468758,0.477696652647376,2.10923830360165,1.82880317259177,0.853889836619178,0.370190793535626,-0.267196228132152,-0.0754372750961358,0.473542540775893,0.556464832395104,0.346914094145153,0.34223011413854,0.38909638156292,0.425954488954159,0.5806806563646,0.496433084378659,-1.1936518792044,-1.47760870935354,-1.332783663655,-0.740563869198873,0.146823028389025,0.6732027129094,1.29918629854482,0.449458397446639,-1.25445224507082,-1.49768119095082,-1.06595755651455,-0.514536564338784,-0.0312762570443505,-0.215756353087655,-0.579897975064871,-0.00288775503603455,-0.44250441642552,-1.75735966298175,-1.97402067744347,-0.465481325912208,-0.191603253339306,-0.961582312407045,-0.399971726727262,-0.629546837755962,-0.846740166252676,-0.121813683982631,-1.38253001264967,-2.25693057171315,-1.75591627689,-0.261826950320937,-0.449873257590106,-0.92383297631472,-0.0414033146891825,-0.151665975688899,-0.460583693290175,-1.76318473386395,-2.22135034578167,-1.56914464340018,-1.77958265253293,-1.95829330522843,-1.73746768237298,-1.08276337308338,0.0877016093527243,-1.28671056241133,-2.68931409931909,-2.23965762338582,-1.13208261085563,-2.22863856666758,-3.65890026555957,-3.25612093012941,-1.84910470703791,-1.09211537814132,-1.12132811737837,-0.77922324229816,-1.66618817412769,-1.57797330848458,-1.98409847334674,-2.5916686428051,-2.85999855656484,-2.98302122832591,-2.82562224216786,-2.35077571730975,-2.30884993955676,-2.61978316750059,-2.78495036763267,-3.47224611118629,-4.12114352456319,-3.64483694822781,-4.13341794575055,-3.90718442367232,-4.20392703005745,-3.68490641647651,-2.63349583610468
-0.198844125376914,0.186975979309825,0.879776836678222,1.55184112166799,1.45173669331376,-0.33777753908961,-0.423259791086261,0.49644814063167,-0.439368887542167,-2.54678125719793,-2.3033706793631,-1.27978781912993,-0.243416489638681,0.391464922472907,0.260694130468865,-0.535529879916444,-0.63566017619166,-0.519023651138169,-0.416494952631314,-0.321986875477819,-0.448629281631129,-0.692480910033264,-0.250247638309452,1.38084174198222,1.66482184282097,1.81386831651056,0.732688639646319,-0.395583889370118,-0.810062671806202,-1.3768868166993,-0.589662483828468,1.48564051829378,1.70243408808657,0.96948091035415,0.619658263605237,-0.124365364513293,0.551149944095891,0.451330219885578,0.00298921943195243,0.626957501737435,2.25939498851327,2.27182753964,0.585520492717235,0.151844274940581,1.02840814217631,0.488864287725615,0.935612499457314,0.894395512339753,0.421590549034239,1.32783393750005,2.85796242966161,1.94948742141901,0.286990290512158,0.399689631071733,1.2255217899972,-0.0314674132882216,-0.0206905142703965,0.644467722654161,2.29626250938857,2.52140099359734,1.79847655422548,2.19031161868093,2.20826870450881,2.07924884229857,1.24244594813765,-0.122557874372842,1.46757688242559,3.03459963786152,2.76258153169349,1.63068187697698,2.45734046589152,4.04817778825572,3.60022035872164,2.37174823191734,1.28899976258273,1.10564906169158,0.949556802501041,1.48721070934385,1.6579936012918,2.19375053228461,3.07223589880787,4.02618365173863,3.4546849640813,3.43874012602567,2.7378390810017,2.43508795847659,3.1766236241062,3.14205457995109,4.00321286577373,4.74140810987265,4.24179187971423,4.99850648756248,4.59287314291166,4.86140135657258,4.46870967912861,3.35441611118328
0.0169155380672187,-0.123281188508225,-0.171493513217688,-0.534306150141291,-0.401894048653524,0.291432618288852,0.0455666390078857,-0.211673134252669,0.207623386345697,0.922216676250704,0.980796885515333,0.316119417752403,0.0306161991795029,-0.243354843692612,-0.243624784360231,0.210618989748893,0.222835765852194,0.296302494271625,0.281430862520432,0.154106273949765,0.290203508396706,0.429091510476429,-0.119484608711795,-0.364913078567156,-0.683270767757159,-0.656595477053312,-0.412737414254529,0.220581192871833,0.294922398852409,0.706996366386487,0.260071270955773,-0.61722033886706,-0.690160446231303,-0.313372029105489,-0.231124026252785,0.0417321570127174,-0.286493739553723,-0.449729830562388,0.0176027512262393,0.0359649274774742,-1.00489245221322,-1.07152958345268,-0.348911177002019,-0.172574982466314,-0.389083541090946,-0.289178497321198,-0.373115413949677,-0.249533711267928,-0.0385534748550257,-0.391172342795425,-1.05908961405341,-0.865966276673622,-0.182606736155538,-0.248506211659905,-0.32491145704012,-0.218855898658927,-0.0841359228781903,-0.290483864029316,-0.799147053937905,-0.849393233036186,-0.532230948988469,-0.709358775449704,-0.850928556743784,-0.828945315098333,-0.416187742980736,-0.169421618345154,-0.765776955382741,-1.234182101173,-1.01895573224147,-0.445880955320338,-0.983299156639953,-1.66221474312274,-1.36791246167508,-0.863312640478963,-0.677687693182376,-0.223831197529182,-0.444949240949166,-0.612437291876621,-0.808783477493537,-0.874003903332094,-1.14579264527113,-1.45046899230126,-1.38000168965706,-1.30585912475576,-0.905225968071354,-0.947213084098533,-1.14973691825665,-1.18445794700832,-1.43746328521236,-1.67959277477887,-1.67017192544164,-1.86425651180557,-1.70748437552423,-1.95925363902814,-1.68271856115254,-1.07052835741716
-0.142145154254546,-0.0185090977731696,0.145822701355576,0.344368655479457,0.174176199906069,-0.0218083430013242,0.0330046336264,0.0217878200162141,0.061286564757195,-0.502127636652211,-0.541837110425338,-0.172534786928039,-0.148841214804347,0.225085141203674,0.223506170861588,-0.210466503702704,-0.0135900251985015,-0.0289232984462831,0.121232315174667,-0.136275025940218,-0.00613275931777366,-0.115355654825661,-0.0477205042831813,0.116088621309323,0.376253571230979,0.222001509604009,0.0814668467640801,-0.0618645853221889,-0.253002135717961,-0.117325863574044,-0.134416495944648,0.169564143147733,0.413670143271281,0.180777172281655,0.142932914701664,0.0315124600048237,0.143043163403305,0.170431408115203,-0.0579307202860313,0.0192727040213067,0.503422377595607,0.50786846009739,0.0249340441904537,0.021271788357853,0.170987978270679,0.198635920127774,0.237706157071118,0.0750698061615887,0.0657978733786276,0.223379675815866,0.571527940179631,0.576197112418715,-0.0552312220980885,-0.135460365912302,0.18093302947125,0.0129075276661349,-0.0371873168692558,0.163786552404907,0.362168524538613,0.519246686101759,0.137131282796791,0.330280064913981,0.367759991306802,0.654974510287217,0.293254350205336,-0.052981535537027,0.201204302359509,0.615347116713769,0.42671152212221,0.439654015326047,0.459579762281583,0.856154309391182,0.886429544481268,0.516118527932897,0.220316371258565,0.255904270752353,0.130042790947193,0.436054684524243,0.467640477981365,0.501326270018191,0.605651359333449,0.781259013150539,0.501609554576934,0.682124403145253,0.618469689917142,0.591579374853974,0.801031430725984,0.456299808119954,0.785472044347753,0.73801059070755,0.868156843730972,0.999647816460393,0.910547739158243,1.0545654963982,0.880614817304807,0.803038947001104
-0.127369738573482,0.315195071305535,0.15466751304014,0.284266788826745,0.205333963204817,-0.164002110196909,-0.059455601696657,0.0902326517607661,-0.0187929049409591,-0.649847182360105,-0.379325829890685,-0.266976948012261,-0.0675956760103897,0.0137382448300288,0.0633227450965474,-0.0668573380232479,-0.0414544867933593,-0.177964133443869,-0.25036637658014,0.0451557112378547,-0.150744412354276,-0.386957425156231,-0.149801758115218,0.270708601183466,0.435398439614044,0.363096156339879,0.146324707383814,0.0574376022839319,-0.230210467250334,-0.239133030251087,-0.146116722959738,0.144519778933741,0.530370499074223,0.340775271435798,0.0246883063441791,0.0692443001129941,0.0996065870751301,0.167612414419307,0.147603212720744,0.220782529725836,0.539718997545997,0.701260785528295,0.20320733167853,0.145580897220301,0.208068136117383,0.323101688911584,0.459214167920021,0.292011134847102,0.0947112094006271,0.304269704198516,0.536289967729621,0.506054183275882,-0.00872828123210106,0.186723794441146,0.144437588630875,0.0221819545176783,0.137364552454514,0.205450990605679,0.512666087306116,0.541651600071558,0.476741462430364,0.598248766902355,0.645343408120285,0.341030223985451,0.305560360607335,-0.00679384184750708,0.297131342818728,0.769638661306571,0.545161647133965,0.328053696689367,0.545612795163588,1.17102814733538,0.788259200107672,0.713238559767065,0.416933188162345,0.203956221631911,0.291148686802392,0.49479686922845,0.377164259518015,0.516041769482137,0.626429537377877,0.732260636764761,0.745579791185784,0.701002990068036,0.551045513530568,0.580754081913711,0.754926314713108,0.869972766755906,0.867884505825834,1.04939261643594,1.08293213338074,1.33592993382635,1.07431617793014,1.25604006930782,1.17886384381355,0.685551826398119
0.00360655465720751,0.173932480003036,0.0205765541385595,0.334270439796227,0.118869610029841,-0.0729250952874544,0.098518943857884,0.0910422471184027,-0.288480566489187,-0.390707252094748,-0.238249254494016,-0.208265222869073,-0.151556954121432,0.0857013648125185,-0.179899028677987,0.0141713683564151,-0.063614414452809,-0.0543785874970863,-0.14020603061943,-0.152230149638953,-0.192466865638715,-0.130310491285578,-0.103414385347643,0.202033485706613,0.0590957578947902,0.329631001118814,0.190730823991417,-0.0126676392391087,-0.0289104798629625,-0.155748211927684,-0.0483975476059407,0.220130267529804,0.166946316574282,0.115204249097722,-0.0548651913387652,0.00774471912268235,0.0113233777343334,0.0655662595874795,0.00718599780912566,0.0936172576257011,0.320571544912179,0.29685325195198,0.146177991529475,0.0661962505239541,0.288697566677522,-0.00998390952280696,-0.046010687991147,0.133947949293522,0.0145181455505996,0.0943225004962273,0.312327313028211,0.180746253320634,0.186831738303316,0.0987187218975582,0.186598572532207,0.0653632298962016,0.0234143506881763,0.0606573559994422,0.254776944776272,0.401877158265665,0.058018777690287,0.228244360796467,0.119261592459785,0.298170370695195,0.15786456437397,-0.0621937315345684,0.274948238006635,0.501466242263793,0.338913531209172,0.0430246007708923,0.330628784067251,0.530354456676177,0.6221861304735,0.409440995610853,0.258785127915542,0.232394829118054,-0.117574245903473,0.262634302317917,0.290654831189248,0.320033513594745,0.268942594430532,0.466802954873422,0.522052041599413,0.476460317421946,0.381470572364179,0.278142873262333,0.434112903857685,0.537300524510523,0.583678098045218,0.601152926645808,0.540833773851629,0.794110571309382,0.585195130585975,0.800030301007267,0.586607074455489,0.59280258018473
0.0402497961380303,-0.167417407432503,0.0115502035922111,-0.0948870968023222,-0.224866451521253,0.260383225820765,-0.261800738921017,-0.0233663129104353,-0.0709571739856602,0.104637043348697,-0.0690790060839361,0.122556102622716,0.164581143222955,-0.0520813524374513,-0.0681119687532951,-0.0211299786256207,0.0685898218672965,0.288857437863245,-0.0140100647752536,0.145153900585813,0.00936242298187991,0.117780249800169,0.0823223941337204,-0.230221800677673,-0.259800531474003,-0.180624401839758,0.0493526317003096,-0.0332311822243207,0.0471924025924245,0.173224596727126,0.268758065139209,-0.0951352699609981,-0.12139866403388,0.0263578988922969,0.00784815087696066,-0.0039965357476043,-0.163034571409617,-0.00524769769271238,-0.1093566753579,0.0260423100579966,-0.153509257315317,-0.279954518238637,0.0250200826134536,-0.137780395570736,-0.186692007390277,-0.149289308568982,-0.289258873923103,-0.0106644433592075,-0.0230198009605505,-0.318059354779331,-0.272173697832733,-0.0968458858562073,0.0842992843540792,0.00324229831389865,-0.193616573171003,-0.170806411695818,-0.0165258929123348,0.00654723744073119,-0.146502826231108,-0.341873112303874,-0.0581098666699718,-0.187685380853678,-0.329950832840484,-0.0857911064494477,0.0389633327646692,-0.199089149283199,0.0115191263493708,-0.304020898203447,-0.125869095448754,-0.176368264335264,-0.141479057967326,-0.248370194315913,-0.308465941411861,-0.371499158889521,0.0383297481453014,-0.00903667145491603,-0.0864901744209365,-0.250505861888529,-0.110337992839396,-0.106390346155214,-0.322648440016272,-0.442202550600917,-0.261227779243063,-0.488987025788959,-0.296870639926715,-0.261879209804139,-0.0977706385820904,-0.27393809210333,-0.2936747100023,-0.655621347668625,-0.457791989963574,-0.534588767543537,-0.343937441907981,-0.463507763741812,-0.405613769260928,-0.32150325634687
-0.0772445725372974,-0.0715112906938034,-0.327420488887338,-0.284182490992882,-0.534749985668225,-0.0241865065490045,0.0361368832215825,-0.0954772233981658,0.417102348031815,0.81827331502322,0.732564642159487,0.373142771751641,0.129832287170497,-0.22155258306986,-0.142362772145353,0.157736606834743,0.302527050011052,0.248681487200265,0.173978430131372,-0.00695590481552813,0.103763361878574,0.283798476046099,0.167082140876727,-0.278895671002953,-0.881671046211947,-0.706663193353563,-0.461835950539034,0.0171337749444528,0.163522650269983,0.3228677190355,0.23204318934,-0.630757581906089,-0.545186746573592,-0.429901275282088,-0.295976555395643,-0.154989924384913,-0.120657267169726,-0.548586062055188,-0.0758001482400216,-0.363717240672055,-0.806926316375023,-0.756816120225859,-0.133152929738714,-0.154368270609122,-0.341764046515168,-0.307511201579534,-0.419267547507903,-0.358814220261005,-0.231450930925923,-0.495550438977858,-0.967556829076015,-0.716014508175221,-0.0642044001182577,0.0618887150311668,-0.204922180764017,-0.0136771084871644,-0.0255576453058567,-0.255392680554116,-0.608223681508254,-0.702341806553951,-0.804727120510626,-0.849134782927038,-0.755459390351636,-0.669211640032187,-0.456818776658361,0.145613974674669,-0.567909454862431,-1.1419109920528,-1.00193982214329,-0.66249495881097,-1.04777306501298,-1.46611923397379,-1.27046704764449,-0.941055887185038,-0.340913084745176,-0.260634446162941,-0.469806459107815,-0.669179332466289,-0.584094392997916,-0.873359262752488,-1.2232092063753,-1.36875213530735,-1.26985111358073,-1.20830957156818,-1.01115244802193,-1.01896706565215,-1.24500224536798,-1.12457276475093,-1.53391068120099,-1.63316419286444,-1.63189948179309,-1.98255706221922,-1.67787152117321,-1.72579272756905,-1.58897511861612,-1.21025771262561
0.0219874877886249,0.0595612527597999,-0.0453543562102746,-0.00157556688972792,0.0138687289873149,0.0743063696533158,0.0269476992106515,-0.0530385345653012,0.00896562711555831,0.108622038102454,-0.217172036928299,-0.0089511727493375,-0.121733079942116,-0.0722893355198457,0.0681465213194891,-0.0150622155122813,-0.0767986384760766,-0.0352185846941685,-0.145011738403282,0.0173180754878271,-0.0379304691120314,-0.0443596651582194,0.0628424170641276,0.0252062152995975,-0.092935101918304,-0.0484617782877158,0.0965630425488248,-0.0079364302585332,-0.0445505298326279,-0.0148189312233672,-0.0409995258484104,0.0642054309174668,-0.177140156779361,0.0452684181442943,-0.0498125210312002,0.047122180937563,-0.119360237989131,-0.0388053551127399,-0.151596179830443,0.0772284266000836,0.0487696100759047,-0.151972097385283,-0.0796003497334732,-0.0653157695564936,0.0628977561409763,0.175547926464244,-0.139558957809526,0.121500350389875,0.0436082142941728,-0.0227747893760229,0.00488683844531966,-0.116254960626197,0.0833383079478087,-0.0874521773355059,-0.12504474983072,-0.096260333734108,-0.164618859739649,0.0604286221946089,-0.0242458538038848,0.136010018968001,0.187100358768531,0.04971792485681,-0.0101020168395399,0.0412071748652914,0.179251630995542,0.0832854168879908,-0.0822097148489692,-0.0542052006193937,0.00618515697971382,-0.17585098766505,0.0998609114462018,0.129792432540382,-0.140610594070899,0.0703374334797237,0.12058973995855,0.268483363191746,-0.0127379931200192,-0.025739641487162,-0.0387866286610635,0.127876310232379,0.0393289686395053,0.0261289923805066,0.10009572453458,0.179333369381676,0.154195737661429,0.116566147357365,-0.0910283560551888,-0.132231302723473,0.0821369061791416,-0.0303221564140134,-0.152480104905231,-0.0821178523507449,-0.0239058938641188,0.0385793703630676,0.164869613949247,-0.210575350881267
0.0179330921907075,0.179772485594126,0.245011792385519,0.500155643484305,0.385268339571458,0.023445882124693,-0.0422500794679558,0.383090179067875,-0.201524210302068,-0.790193043522515,-0.651510149306939,-0.320957199112021,0.125935399136546,0.100922802113166,0.15374795084464,-0.262173376833232,-0.0523383423724386,-0.0773234675819357,-0.0624370107636542,-0.0427087363714511,-0.243896869054445,-0.273669092027583,-0.0651043741453488,0.296394534905113,0.534448796229504,0.502480890291508,0.0451314823718346,0.061683625006205,-0.000738337404507516,-0.323307177430888,-0.261723254999136,0.605562456555349,0.521250668798829,0.359400435245156,0.193006369895646,0.0339682674316523,0.100624678671841,0.200663621892081,0.0875079174196154,0.183022990881829,0.788121760182074,0.633637210511256,0.125854829837751,-0.0663011796125768,0.198448685274195,0.136383871603061,0.277411765679026,0.23852756873942,0.0461157559017132,0.360595299193256,0.894166796935044,0.594922926279787,0.139901552772284,0.133140343265543,0.320158445700769,0.0545738858442549,-0.0225438025908253,0.19111518368113,0.70918161070626,0.635508597372416,0.603575468769816,0.524108517933406,0.628417665284765,0.670852109759257,0.342560017608478,0.0560257995563984,0.309309085691035,0.707997794775421,0.747274209062957,0.478832303231484,0.681263843173069,1.29179989461575,1.09592212317131,0.843967200904348,0.561982303372579,0.265538465066815,0.408606489944474,0.519679979612598,0.545498255443981,0.565889497282034,0.908817466891434,1.0508645544458,1.00595167635748,1.22331233565394,0.800820111805222,0.810443872332314,0.999205816803117,0.942544045442421,1.20259138131027,1.59434604912202,1.38834600308992,1.30977047590798,1.32121257685437,1.39566080618035,1.25057067547524,1.14034249097007
0.192537392992692,-0.111590753388673,-0.587193246916832,-1.0401281232385,-0.970252610757595,0.143061413316118,0.162332584826497,-0.313937358610775,0.37496641175282,1.80479732189566,1.34278455263915,0.54706492239227,0.375625062755791,-0.270933676276979,-0.217187362317032,0.148805670130307,0.238718999091177,0.211512310973395,0.246309176882309,0.235119038100146,0.443128956124881,0.575517510418752,0.236368907926436,-0.882354739415352,-1.26101190497895,-0.995035516200886,-0.650562943596953,0.0619865454906688,0.537738907393601,0.911721639283928,0.337101079187213,-0.781860459766765,-1.20294384979574,-0.787324304521004,-0.33496057547885,-0.023855653135941,-0.284780825972707,-0.501842456472848,-0.0669084516214426,-0.410784747337123,-1.2998056805927,-1.56547827278358,-0.259457352327203,-0.055702356578878,-0.679876897422016,-0.405139428549298,-0.687494623132514,-0.641228443547776,-0.482722328954045,-0.98704418821886,-1.81955497305956,-1.30942914733029,-0.248002894905364,-0.336728156903519,-0.700437375401469,-0.0567540936635215,-0.168608626815476,-0.487788321846257,-1.39676029278819,-1.57367591660241,-1.16259606056371,-1.32655907743216,-1.32048179818424,-1.4215583107471,-0.981924597893431,0.159375050880578,-1.14977393082794,-1.98411902726787,-1.64856215578654,-0.846274841275544,-1.75997077407112,-2.71688104353027,-2.2481439893461,-1.41429757885094,-0.938643697354192,-0.775836814899586,-0.663057268155406,-1.08974610624248,-1.3337970830005,-1.25559638212756,-2.08881359126035,-2.33660752081725,-2.07234698614818,-2.26967828334776,-1.64703487318119,-1.75428770926328,-2.08537830755101,-1.98496390079252,-2.79027295713296,-2.89562127199491,-2.72724898028279,-3.07297092355445,-3.10617431886313,-3.14654374138917,-2.89252346577895,-2.11455053018065
-0.10303394195411,0.0327310316733026,-0.124515091064121,-0.121751177480813,-0.376705017534973,0.119648159987601,0.0235821851440628,-0.0184891696039142,0.0228051023714076,0.378081520964768,0.281399032501502,0.161835632216224,0.0239779312765837,-0.175582679803871,-0.111285525459029,-0.0625771614542935,-0.0734439730290631,0.253943017679493,0.0750295837881341,0.142774466640736,0.106096704410066,-0.00728963285976861,0.0548620391316162,-0.236041031246319,-0.158194797242596,-0.24804695622107,-0.203710876896368,0.0926841659242068,0.238792030880336,0.262279838766557,-0.000162820859328255,-0.193860756688613,-0.333752678886167,-0.317045320766861,0.00444291032928436,0.00841648224935572,-0.178393044040763,0.0177604701744874,0.0792557351197486,-0.171299899745678,-0.299389539842918,-0.383574427341495,-0.0612175840241235,0.073317298024726,-0.366577262697853,-0.15430015340096,-0.0901185102923195,0.0501318519134759,-0.141214870847795,-0.239058522052323,-0.395538760332296,-0.376246838037124,-0.125124591464754,-0.12905084182608,-0.24230551567996,-0.0927180043475169,-0.0640291704925067,-0.0974198723285387,-0.309646436132699,-0.477780432793064,-0.226263820664034,-0.292819208148841,-0.359441446276042,-0.321563914867021,-0.279061468489355,0.0582035192383113,-0.287447109372615,-0.515138930485811,-0.366002650549199,-0.348593538771565,-0.498812291852139,-0.721363067894353,-0.615955758544062,-0.32846279901584,-0.223769094681272,-0.118979448940301,-0.188024407062569,-0.288428882992578,-0.192977293522054,-0.384833309338559,-0.455580416740994,-0.594825798945245,-0.799920832272971,-0.692757777695253,-0.5041691883189,-0.437584674510621,-0.658271504346584,-0.487739031750951,-0.862101922924271,-0.952530247710935,-0.745485517562153,-0.74215848744044,-0.787775254063545,-0.841938544967532,-0.8037318534308,-0.720747804961538
-0.110442684530673,0.0271604596759926,-0.217529341257958,-0.724619466607261,-0.562739385499501,0.0593845676330497,0.0363902619386094,-0.292097748627941,0.0302746105984673,0.814419015842834,0.841954683422049,0.335149470941871,-0.00384309908091242,-0.0199626654295011,0.0878433329919987,0.149135231081533,0.192125905391321,0.0804563116452824,0.21164057223037,0.215371374818566,0.165161692217407,0.321174287324357,0.151389155546519,-0.499625012139359,-0.480954933755318,-0.539202078262968,-0.217971568051973,0.123401265110581,0.23868266024099,0.524165598648312,0.32497604738031,-0.592008330340959,-0.521436589256827,-0.563441857649573,-0.262443302305239,-0.0471343911283,-0.234479005434288,-0.206546110763358,-0.0997980389099882,-0.195487893831313,-0.89722775278472,-0.779524067809802,-0.176867424511562,-0.0192433510848996,-0.34571367213691,-0.286971868759027,-0.333763571712601,-0.321594367819231,0.0709985444244688,-0.412412660792534,-0.903292773117866,-0.67197147831795,0.106337160479985,-0.222038362877548,-0.46642177543646,-0.123679812118669,-0.212313984257769,-0.0393881689803895,-0.763758526778855,-0.958852390361954,-0.455412008561792,-0.760541518140198,-0.587374446775945,-0.616266550971045,-0.361169230477926,-0.0860134207792335,-0.499314157130919,-0.970927603170194,-0.940309979149923,-0.49944097073599,-0.953111695225836,-1.56832265571394,-1.35463186498061,-0.751342349833124,-0.435561060450501,-0.295496186543048,-0.551939341156626,-0.657045465068651,-0.687537575108409,-0.918260348644872,-0.944701091114811,-1.22272730052417,-1.15292942875909,-1.17301048552799,-0.734392038433079,-0.874563868839034,-1.30452941645911,-1.07694211601386,-1.28110648957424,-1.42299862404813,-1.33055454275742,-1.74781921808522,-1.6648792778727,-1.70741109730549,-1.32520769104064,-1.0240503839162
0.141510301412542,-0.0191406163577322,-0.200922756080201,-0.528031968302992,-0.703446716143479,0.0449772704907318,0.106658835258708,-0.248047743036633,0.219386430483936,1.15680768141349,0.979387073080267,0.387194359335731,0.11638771509192,-0.194184767000592,-0.084083400093703,0.389459115795549,0.201966841924559,-0.135680508658886,0.216136010888473,0.11552936273149,0.284302429196231,0.523127994950433,0.0860390943829157,-0.56242057852521,-0.743301929284362,-0.752513293829816,-0.372041829608282,0.092412764830764,0.266446505830124,0.677535351145058,0.349648217224785,-0.825939247645542,-0.689963871791281,-0.524384799490158,-0.127538484691011,-0.168098673430402,-0.10115408768375,-0.332059435309443,0.0193887840411828,-0.245995350762173,-1.20440411534576,-1.13961644933449,-0.0461054789307357,-0.0985583434213902,-0.591940371569611,-0.26516085986815,-0.522364967917572,-0.506080531154767,-0.296362393284843,-0.448973367363643,-1.46468922347133,-0.931333823320884,-0.319721922275816,-0.234367005650837,-0.436580116796363,-0.0872398490772381,0.113262940161297,-0.179265861560406,-1.07727847660733,-1.16473707778312,-0.855484651719395,-1.10021129210795,-0.957604776373517,-0.890194828595133,-0.651681873877202,0.135961625031665,-0.932401382216551,-1.32738247104813,-1.30133536561998,-0.768009640830377,-1.32379961178393,-1.91159285311504,-1.61124930804186,-1.04717896901406,-0.653063927268583,-0.593824581507433,-0.460325197926919,-0.828447679729379,-0.827077320461241,-1.10429345278172,-1.38962528614553,-1.72810793756672,-1.80370833347584,-1.66890372270908,-1.18983426902755,-1.20122162916913,-1.42218447521187,-1.29603805462555,-2.04515175576646,-1.99183473430438,-1.88368660754884,-2.27352804220199,-2.00847369733812,-2.34441001751469,-2.04674224428248,-1.7318636192749
0.0500789128563481,0.191617751152419,0.621177727887433,1.384430226776,1.00865683972519,-0.145602803366162,-0.344306526319906,0.312348082307985,-0.47956555389799,-1.64229122863792,-1.73886871191408,-0.676005207317875,-0.182821694311311,0.237688977762648,0.24166578436532,-0.570819470905925,-0.317925515202278,-0.173233958611874,-0.340096882445817,-0.248893288519057,-0.44239324568257,-0.780948130418441,-0.203701366818627,1.02213557888391,1.3884563381306,1.25068622717721,0.880193037429021,-0.167640381295346,-0.736686046439451,-1.15435294635542,-0.413840287429692,1.14162079947239,1.44942374333854,0.888323825061019,0.527890116437812,-0.0127713588888315,0.378590599251861,0.477941995191801,-0.043318863380316,0.563233001186107,1.77604845736603,1.81853458409533,0.284908556953676,0.290284129982832,0.610305057591393,0.556577580575089,0.829648700554989,0.630599704888611,0.266019107928893,1.03371473550657,2.03660540259569,1.44038946696925,-0.0126195083547547,0.57111842338903,0.979111090034273,-0.250133592163884,0.287811074832757,0.60251550023857,1.77718362046807,1.87494332917554,1.32141484235048,1.68118192813685,1.7021462705692,1.53911865206493,0.977664218494488,-0.0999349971989396,1.11303966966543,2.41093233042225,2.03367520491953,1.13987247396659,2.12230040685344,3.11837490667399,2.7913566280437,1.69297651346465,1.00889610770358,0.735586615233919,0.931850463865581,1.3558347588958,1.39481384577054,1.75366431222287,2.42394932722315,2.9356372221494,2.74310791668177,2.63071821782395,1.87011300845249,1.94635266621401,2.56655777577895,2.4710904358054,3.41809177559656,3.68052929166825,3.25257728516725,3.7999870937612,3.69206546114485,3.93186346967745,3.36631176568086,2.77410440021692
0.0293938014589934,-0.113789972264735,-0.480677141056518,-1.14966272749027,-0.793335966593897,0.302070779986042,0.369042161532329,-0.259446664995023,0.342793720865156,1.54890570246113,1.38382937451662,0.765579267134619,0.155626025662781,-0.249306108597763,-0.206652993087846,0.328199093842165,0.225715314166483,0.217807835730862,0.28141323005395,0.0525560411978682,0.441923148636313,0.55729185678383,-0.0603329645321488,-0.928032636684952,-1.09170667595935,-1.10717002808592,-0.489393629577533,0.0696332477103724,0.443092815489149,0.883052866174581,0.371704549196801,-0.929774058247628,-1.110907153207,-0.626377838180499,-0.366024238060935,0.00235491297087904,-0.445498632764617,-0.540377658741627,-0.0235186574756641,-0.384736452678812,-1.38230517607147,-1.56181281390153,-0.369765148634903,-0.129841490819261,-0.556980507385785,-0.445221435141967,-0.678271932158958,-0.45638366527563,-0.114284687936493,-1.02374620999065,-1.78847406573689,-1.30188665096361,-0.379478203859453,-0.0929236692109394,-0.68463913417004,0.0990397840068507,0.0664971544903592,-0.427813341969698,-1.5117145398062,-1.44467681905168,-1.3218130552915,-1.42904343058524,-1.36829643730854,-1.3126547279519,-0.95190133408427,0.149153836615544,-0.910910797321061,-1.88489971192382,-1.74166014646408,-1.03233121608914,-1.5638365259034,-2.69723502363352,-2.26512639257333,-1.4000997769559,-0.822670527609239,-0.541263843999995,-0.624881466009524,-1.12620174892958,-1.08352619870451,-1.54507067424031,-1.70514270782034,-2.31213971811008,-2.06751902162173,-2.00618548277836,-1.67389493710824,-1.58931186620566,-2.1036988319634,-1.94393331080623,-2.38091340541596,-2.87091654416355,-2.62673020806222,-3.05206381926712,-3.02688298868198,-2.945191726186,-2.89981395667079,-1.87434797689665
0.0439457161352787,0.217550320499435,0.567467660535631,1.72364823491267,1.40022248318693,-0.382792901682085,-0.456574669390532,0.392100952901238,-0.606116626865118,-1.94950126222256,-2.04705479171212,-1.00832232375207,-0.188161474188335,0.48630332608967,0.200112614993623,-0.545014666713142,-0.450201631751022,-0.405864184528301,-0.295473113344519,-0.241524052952709,-0.515785985798356,-0.819558990077682,-0.296115748382758,1.19594983111466,1.59112888669562,1.62942553545009,0.878630092744698,-0.245535757086748,-0.609282886999674,-1.5039326925096,-0.384271654610863,1.45390692837773,1.66572928598416,1.07754690597726,0.407426812302732,0.285749437459794,0.478197670209613,0.517412594059658,0.0242980011964563,0.699940729747527,2.02141502795745,2.33174857074338,0.47006119749449,0.173980964865291,0.970032617786376,0.649523786714685,0.870055765773004,0.85208003583861,0.334797039150917,1.12682215587347,2.41968584688572,1.76339546691674,0.380614874946658,0.58761329690946,1.02745537413046,0.0501412475531092,0.118797658781901,0.44311668261149,2.12120435869549,2.2802445040835,1.64698529278298,2.02858852263073,2.13597869126573,1.89852978548684,1.08038793567547,-0.226066948272517,1.46504875255821,2.57797324103369,2.33130345402825,1.40076063668855,2.47597386177889,3.73237756741845,3.30606504475508,2.24209677075428,1.26678255056693,0.968302098065285,0.892745134361825,1.79165095526422,1.62436477536723,2.11499718289354,2.79698683369441,3.30811324860759,3.07863063504836,3.25405086835492,2.33077695870466,2.4350697392595,3.07191666096954,3.07113286994236,3.86200274477984,4.09142075355293,3.81232804606442,4.76850826807249,4.06417336037185,4.41293049805582,4.04344087661695,3.11306053163986
-0.269972365059664,0.176393672639916,0.432361807545514,1.20170237915759,1.04528900500493,-0.224623407789151,-0.0992096774651936,0.406764225519408,-0.375962841830215,-1.32933339086238,-1.47242853501974,-0.605802312069841,-0.330382418761109,0.343636335454804,0.228044170355086,-0.218452227860755,-0.413768629001703,-0.254976826182874,-0.261012571461955,-0.128912035979859,-0.551459701517323,-0.484297267602055,-0.117442025630377,0.842466317273301,1.07085539112353,1.12301005021624,0.444829726583474,-0.223252387619795,-0.471582392649037,-0.982357914036843,-0.248337987709651,0.899040906323093,1.15319218713284,0.719830501147507,0.331300916657247,0.11728090664763,0.443892660392649,0.483013093146055,-0.0169176014759028,0.427019523798014,1.34094476248095,1.43465368246734,0.272697899130115,0.077262704833862,0.622655893780445,0.196516300796059,0.563154788866134,0.650921488553329,0.0444833354159281,0.847743861707077,1.73278661662099,1.50227990612498,0.0347902161936249,0.295669552561155,0.647686481527587,-0.231944716314906,0.196049308074392,0.452514647101743,1.24873861937082,1.5027097026399,1.13696501816565,1.23566969626509,1.40453153271166,1.31571517734614,0.723032185168967,-0.0714428156787166,1.02832024031908,1.86397512118367,1.86386076265593,0.60903437365909,1.69181574162525,2.53955388800757,2.54995296776679,1.39018121418628,0.69303287069924,0.655544582518747,0.64228150005965,1.12549694252595,1.1597308873486,1.48342465941224,2.13868390029541,2.4774515635929,2.20567384299727,2.30956563691249,1.72125974250906,1.70000184734052,1.8846452686347,2.07334265033211,2.55750022438523,2.96614491505416,2.57631632191337,3.11719136341035,3.23117057727384,3.12625579199488,2.77103877229315,2.15421137429702
0.21806424893335,-0.253814530361354,-0.347784585737654,-1.15875877653334,-1.16374314188709,0.23710326887791,0.266555119513554,-0.467420090938235,0.431428735504063,1.89413864981147,1.79942652276712,0.769444623942055,0.252308200791699,-0.418513915723983,-0.320116396235837,0.439602934352141,0.383294219915867,0.451485055983692,0.52547979379204,0.216489161936636,0.513234630969977,0.731311824689945,0.159239429492956,-1.19081810843601,-1.27320841300605,-1.40510062373929,-0.847590634638838,0.144711061199156,0.631828083656006,1.49027248843758,0.518051601554778,-1.26725660186329,-1.46059796276568,-1.08453174935213,-0.525380346243053,-0.245505058282878,-0.492131594634552,-0.573100297705954,-0.134431568723898,-0.491198248201475,-1.94304471309044,-1.93338635743614,-0.381211961298993,-0.295418870899595,-0.870271936738097,-0.530872072436378,-0.858265260688013,-0.950684057507327,-0.420044558692564,-1.07234636887325,-2.08669629720536,-1.58708820187749,-0.139439449642883,-0.391363562457069,-0.813641783296248,0.107704398705854,-0.0820021845202791,-0.560841901565652,-1.91253667272717,-1.97680413558518,-1.42319792578562,-1.66136358237723,-1.95783449789671,-1.64119974234208,-1.1443853189983,0.0629463850079628,-1.48663840459686,-2.31799268357798,-2.30436316914691,-1.0927367054285,-2.11648059297392,-3.26708693030676,-3.05029558353865,-1.92022633542076,-1.11852957098415,-0.85262371077643,-0.740788745796579,-1.42608295139742,-1.43128294288568,-1.92474566326612,-2.51115060833785,-2.9877325451604,-2.73344704743551,-2.81737616808201,-2.21943208901538,-2.0138122368261,-2.70106897120181,-2.699154804024,-3.2405291022204,-3.69457963371836,-3.41088832957876,-3.85456571560106,-3.71310932334959,-4.04218307564284,-3.63247624454424,-2.64323730676297
-0.0975147056670947,-0.110841815841104,-0.140512020199377,-0.115360748942238,-0.235438951930892,-0.0589249625248155,0.207206763361505,-0.0172055551920136,0.0521309152717346,0.231734098605206,0.440746207733188,0.153666523884393,0.179351423544002,-0.135724148583888,0.0700820226682556,0.109150430117229,0.250137387335485,0.157884085872098,0.280377412386303,0.0824610689743027,0.086116821610468,0.226982255696732,0.0258847943176953,-0.373221536896898,-0.325199084983002,-0.165914563794437,-0.186193427891419,-0.0708997134522462,-0.00798541930686428,0.234492806119291,0.0427465685015539,-0.192190331619862,-0.317112201533751,-0.274372812430912,0.0163810570194159,0.0137160907850558,0.041863575269507,-0.0777895210832579,0.0135983294238632,-0.14549703486723,-0.399461657289079,-0.203929684919713,-0.220323487582222,-0.00192407634088124,-0.0465810757622021,-0.208400701424597,-0.0452728815819786,-0.0278392409898673,0.0144683477290581,-0.237672514632363,-0.470281564955365,-0.222601509575419,0.0889746926090833,-0.128551252170303,-0.242448639277661,-0.000303644796671456,-0.0772656719207529,-0.169663149827866,-0.405075861175689,-0.436744613472688,-0.303333224122381,-0.228438528860898,-0.312335204207002,-0.365969940104916,-0.274897405296025,0.0563744275849834,-0.263865059117129,-0.575699999536073,-0.478725896303759,-0.0515285934593445,-0.556021202939808,-0.557766813693771,-0.493946717697327,-0.462004900436201,-0.0747988816304451,-0.284587745133755,-0.133391129410646,-0.308451904875177,-0.41861504450848,-0.504864801105814,-0.36087617494689,-0.621685288076881,-0.54977254446424,-0.56130359564113,-0.560422628054705,-0.38713272449398,-0.400102141639702,-0.397122870275194,-0.671011900596024,-0.718424820009339,-0.783138927615687,-0.564230924573538,-0.740509306605853,-0.623167235977971,-0.621890697629975,-0.467220341287444
0.00764555547786921,0.132052612207166,0.50695555573709,0.817866550174504,0.627406160991895,-0.163670181895602,-0.163772844372492,0.390352043308028,-0.34688283928365,-1.28506775135279,-1.12010191968357,-0.56874749665685,-0.170124136788755,0.291714777679998,0.238648622029964,-0.319801043372883,-0.214619488096002,-0.166290709729746,-0.232136543425358,-0.143032106503961,-0.432897482578857,-0.279600700957171,-0.0839369581711629,0.934755022141927,1.03238104701081,1.08223625037162,0.538997142923346,-0.110021886448759,-0.434557202310639,-0.7945581064176,-0.221890463318317,0.772367432130859,0.925024286989509,0.548846253556387,0.21605594299831,0.263051475005194,0.210792576404387,0.252212902319592,-0.0909734754317061,0.426009788684051,1.19988295103803,1.31268354730928,0.0734504009763313,0.119957802958363,0.576795348745671,0.332788683402996,0.705144929885206,0.550584787266403,0.134532654831207,0.723210304918719,1.3255670085295,1.04924212802532,0.24076453818505,0.311590054580827,0.726110301927692,-0.147141978094235,0.118150381050738,0.406280133235175,1.14317215711546,1.27199320969215,1.02495810720855,1.2229559863541,1.2050295842339,1.27655805848109,0.579367870421095,0.112174954718088,0.834477368052805,1.62569373545736,1.43937040845963,0.757684526282343,1.52620507105627,2.24745363956645,2.01947432008781,1.15016997804723,0.873635085300904,0.679510524320075,0.684847845602548,0.914540995535775,1.07205228283753,1.17381604080424,1.55800656409171,1.98430745724213,1.76338687661196,1.94474527833553,1.29409910802791,1.42155698372667,1.82329609751606,1.68873989837826,2.08445658853855,2.65608582083785,2.47201636664359,2.66274671843709,2.49520892966164,2.84986895228286,2.49207965103539,1.64042823248535
0.0630766680400442,-0.0473986401991527,-0.30406755071256,-0.655831320209123,-0.410752896712354,0.145395205707114,-0.0453154053113665,-0.263499975863035,0.200080733183815,0.904415415976981,0.896614372958855,0.426527997819063,0.317860829109809,-0.239230440099611,-0.035048096718817,0.256777236514622,0.174370379712316,0.215045719475423,-0.112669811897726,0.102535653830976,0.141357876951168,0.410719313939448,-0.0605696809274898,-0.475138992044147,-0.694142800445399,-0.536745734168897,-0.295223956797973,0.0154971488261377,0.360677106000418,0.407813098010172,0.244536343657025,-0.53801692616469,-0.699801206241561,-0.473430706116429,-0.252659592075132,0.136933958407511,-0.23308179908824,-0.212567664331106,-0.0691468459732096,-0.241035316424225,-1.00199960602794,-1.04527515314125,-0.0453931193937943,-0.253708027657843,-0.465902604643749,-0.246722478809201,-0.41030815667302,-0.388959044341724,-0.0844362971894686,-0.46728967233422,-0.9605716288931,-0.720942990525197,-0.217590175057409,-0.277456978562058,-0.510072893910494,-0.152058424574578,-0.185712554757507,-0.30633385318092,-0.90932629041955,-1.06551738836232,-0.813205725153494,-0.843445243651813,-0.836580540545872,-0.952559252425294,-0.535546640561547,0.0561731916079167,-0.645847744635679,-1.18733605360085,-1.01676056528927,-0.513121180634633,-0.957367005951548,-1.69557223706276,-1.57239617329067,-0.947102095976246,-0.449504330510802,-0.547767900817528,-0.407759603552326,-0.696659649202062,-0.631148920345842,-0.881943983874102,-1.33771947357621,-1.66806828670557,-1.48107976592349,-1.50790650890701,-1.02090095281261,-0.973679107620028,-1.323905903421,-1.37279933179263,-1.69571566423741,-1.92069006192129,-1.90339337324872,-1.99165895646854,-1.92447494555275,-2.08792177718255,-1.6367714270729,-1.23069213967174
-0.0421689192872192,0.161221203598813,0.528656564442382,1.45873673935679,1.133243135778,-0.39206531401499,-0.200958613411102,0.410084697597903,-0.417417834720367,-1.95893474586363,-1.62994914844279,-0.8832851993708,-0.170755176616318,0.266997278972701,0.0561378441696079,-0.444612222736464,-0.336526062800936,-0.283065682236855,-0.330522772751165,-0.181640683001973,-0.586761769303701,-0.687242736136692,-0.293965855707431,1.02803351554283,1.55538819729382,1.39862782799095,0.636155509942029,-0.0108091282841341,-0.749040307451003,-1.09299586682813,-0.635195649611385,0.959790981501803,1.40309837973003,0.912657433241733,0.530759191126481,0.0289911932816162,0.330611201162544,0.347386872368847,-0.0444235717796612,0.558636365074381,1.80670203893168,1.88379488457662,0.25974446128236,0.239897072367858,0.948077054694721,0.618370776776449,0.713686074038887,0.724666179906508,0.281761730729646,1.25620075508838,2.1454939908862,1.53620565020856,-0.0233814767094822,0.268066588306501,0.680526606295306,0.0307445486280204,0.260883739907916,0.527685377993185,1.84604085438321,2.03315253048575,1.5510115170533,1.53616194859875,1.74408552643315,1.53291491890941,1.26896615886251,-0.0713723923089595,1.29102271274481,2.47300079704124,2.36082582527119,1.1691299967805,2.11042599081471,3.45924253892582,2.85274248459468,1.82404138793474,1.21266877359339,0.754483144131617,0.846178393209113,1.40660841964735,1.4552147636428,1.77230857940468,2.39406370189589,3.00389443849702,2.63121514988145,2.87202465634486,2.14101212176451,2.18278477038378,2.62730922846764,2.56271352924949,3.22992299994063,3.65076708821964,3.40823190331305,3.83610435327943,3.57093236584048,3.85227921163883,3.67351128560545,2.72052220451848
0.127182406551889,-0.287169456922494,-0.931450092821021,-1.87715204270621,-1.78484855092281,0.5971750181534,0.428885583656878,-0.794990567916258,0.581609596828434,3.2311287210958,2.89843735408018,1.25166465513243,0.289560069443195,-0.616922866630669,-0.490023132114391,0.926620932702223,0.572621980765461,0.495143292804059,0.458810350605784,0.365970767041012,0.680978637799425,1.2602583966322,0.541006824038434,-1.8573361304546,-2.17300981676337,-2.24768867573274,-1.28551284835907,0.213181708509096,0.963938612079135,1.93797261820387,0.734164349459247,-1.77537418774934,-2.11532866310289,-1.52936614145578,-0.730178989989473,0.0333655229062867,-0.586866046634775,-0.798955370702477,0.0212713081490636,-0.860942770375966,-3.03958637764999,-3.0760603456666,-0.626887646996312,-0.0911421764710196,-1.33488294381971,-0.799343704034839,-1.28494233503188,-1.12031603324195,-0.357033134882943,-1.86962754330864,-3.60524524914153,-2.44072549197845,-0.449349936726693,-0.680166255071111,-1.31871021180878,-0.200354998086987,-0.29443086290227,-0.89327764790087,-2.79565781253524,-2.84156422337308,-2.39511135608735,-2.82034080994379,-2.92708557040888,-2.80596038335226,-1.8526283069787,0.0871599602088983,-2.04420242068097,-3.78627200374542,-3.26548513846147,-1.98245751453451,-3.39432599556697,-5.45686760242711,-4.5505063903463,-2.79633593663397,-1.49669685002307,-1.41117266272152,-1.17471463503872,-2.1672341887523,-2.36633440625432,-2.73347326206945,-3.88237142359898,-4.55399471666568,-4.33732767656574,-4.33536368795804,-3.28821689912897,-3.20390707807227,-4.4016332824975,-4.15697421064204,-5.2658512707053,-6.12111521410914,-5.51810204390279,-6.25043379334647,-5.63320458851508,-6.21736973559579,-5.4608928244512,-4.11252565497554
0.0439200474552667,0.0761209831207626,0.251376139994158,0.482107207811884,0.32234063402153,-0.285909528424966,-0.172813732645957,0.101016421804637,-0.0934645255936137,-0.781248349554495,-0.545206974727472,-0.393277689742705,-0.0186010796633222,0.162785085795258,0.0805323100553322,-0.152466892805547,-0.0785077208068136,-0.107090918308708,-0.252869608241321,-0.177658195460802,-0.210258681599037,-0.356050816791815,-0.253362706824606,0.41124931772181,0.301144454565983,0.425113702338374,0.266981732888366,-0.214399663617089,-0.259137651355549,-0.424305046080786,-0.0450626403698617,0.327303728533954,0.426552801409014,0.218683771212667,0.0528645091884911,0.169071373330099,0.200277773231353,0.19710445055385,0.130241855717503,0.161739345118117,0.512695821153671,0.68102006311349,0.121771076996786,0.0208696388883872,0.189840787859416,0.0732688312892514,0.3095361282492,0.207742559931387,0.217366814596283,0.430349421425551,0.831334022177735,0.607236619633242,0.105896078801481,0.181917506537874,0.238338988516242,-0.0668351468692812,-0.0940801050440573,0.362422057395809,0.485157921619431,0.709082382892814,0.41225794373263,0.833807031554522,0.578521366271422,0.728683882590832,0.423413994081956,0.0359370926906137,0.439439655298624,1.10838371941403,0.796123020886501,0.334521660685572,0.870565800486627,1.23151360631782,1.21906597693253,0.720127921158289,0.356252677539504,0.337083054931097,0.187850464765862,0.575713201935446,0.484897677667225,0.639055646582246,1.01118917704764,1.13827901078037,0.693979814746012,1.17640397441008,0.691364379501057,0.683813174452932,0.98656327332503,0.825206021071621,1.03821621802367,1.42028584842756,1.29599585914611,1.37771729418166,1.23178363084546,1.44443532266961,1.31370802772395,0.94904522785827
-0.132893110211256,0.152240040148866,0.496597212942023,0.70997665214874,0.871041654080348,-0.111025528748707,-0.266338890922608,0.477765145405782,-0.262546618112675,-1.4699236837599,-1.22569272838536,-0.808293780021112,-0.317392672711781,0.213201501995065,0.285709002334649,-0.322312481957306,-0.277524145533334,-0.383503030006283,-0.357082931403486,0.0574551783267906,-0.407741136158122,-0.709200227253927,-0.22830521240208,0.74215103156054,0.94041934202765,1.14231030104484,0.537794213910763,-0.0989630221276524,-0.384116845677613,-0.922379338647928,-0.373524133098691,0.923823026823292,1.14110556311813,0.629013800481542,0.230841495159079,0.0901643564832356,0.237806373039582,0.496951548895901,-0.0420901489359347,0.335076920773789,1.25829050323618,1.36164870317278,0.256978328291812,0.0275611555005002,0.640754518649772,0.231100067336096,0.428142347773296,0.592645256610415,0.158773029204077,0.829062284906578,1.62984434164003,1.2644869668599,0.252534297072119,0.301453338042828,0.810829518191408,0.00938396612341561,0.142584933447401,0.35760875517812,1.24417187172451,1.37599759063541,0.992643377650698,1.1436161257739,1.20314848681529,1.27738579782229,0.804315573900368,-0.137425601522607,1.13392431085963,1.88468561023091,1.48331515280254,0.70319991913151,1.47129915155627,2.39301495125814,2.30819746652515,1.4264838524809,0.682678855040367,0.693101462291048,0.32658619110578,0.893387147832272,1.18166461137332,1.4018101960178,1.55193514017049,2.27995158097954,2.04849111975091,1.97209406238941,1.53637032586792,1.41834338453008,2.07660808794274,1.91300359513646,2.30962048995323,2.642151615045,2.60341302898657,2.87385007879735,2.49249560981858,2.83657650668333,2.64955921094233,1.93466202477885
-0.00927359044894346,-0.0562635893909164,0.176389107971642,0.0563068654983369,0.189140421368865,-0.170970458408592,-0.0555873508049002,0.051864168885243,-0.120453695252948,-0.0838026492822931,-0.149230100967458,0.0945185760078237,-0.0390186692712745,0.062223873400977,0.0594567727398208,-0.0258523416137124,0.0954186274722053,-0.0800190881860426,-0.109492645246053,-0.0939881210368439,0.134293907666202,-0.162984194144242,0.133120259871442,0.305187798955475,0.194386515513144,0.201628431894996,0.141442053649057,-0.105403809111242,0.143185154167901,-0.156593606814282,-0.169893304522023,0.0312754663311606,0.184739811011031,0.254548439343477,0.140468307025648,0.0283852863862493,-0.0358201224966771,0.0187640907979712,-0.058122410342808,0.0652807606193497,0.169999372286387,0.204510188585752,-0.0172108258311805,-0.0394166410586139,-0.0148955349583148,0.0871624727768121,-0.0520101870076985,0.17416699328481,-0.0606351439182968,0.144261425608524,0.124755317754754,0.322040149076804,-0.0374147263232959,0.0696483766597842,0.044072270577159,-0.236667503745104,-0.078193567308381,0.211642871958485,0.124047238425066,0.158109421700097,0.0769606829758203,-0.00722403218391393,0.200487221114987,0.24429131100422,0.319105315781556,0.00395187197558112,0.0931402350156636,0.17239222394851,0.130699254617439,0.0224296211021928,0.311003863181818,0.394719965449618,0.460222660164432,0.253818679044645,0.137564409531131,0.154105493601479,0.240474178723862,0.103190796934656,0.110606403909377,0.192159781921518,0.204959833728571,0.413903859284579,0.249227013085887,0.271688346636141,0.10326009318901,0.378555015320595,0.135592406935799,0.0564435020385244,0.244580162597718,0.504460765363933,0.294585051832153,0.385588543604408,0.362862580797819,0.494129277646903,0.482424043677136,0.111257734571104
-0.0641353553249768,0.0502878826705252,-0.00875192299966314,-0.164195261763439,-0.267091921537147,-0.112361858464924,0.0433705154343678,-0.0870169956488882,0.16659216351265,0.217419724831896,0.332810160136214,0.233692144416675,0.134877562648006,0.0591621127718745,-0.0891266025308882,0.0131141088396713,0.0574657942857321,0.137687405895655,-0.105934009359681,-0.00198509702980567,0.0621268383044197,0.0182446870066286,0.152282116680907,-0.0915624110223494,-0.275852919906882,-0.0265604272806869,-0.264957137916703,-0.0671377876070982,0.192846681543563,0.00170455634857258,-0.0752043965939873,-0.230979021036892,-0.35107401697264,-0.00881016891164783,-0.0590357751176729,0.039653649940607,-0.273198157127427,0.0100244722250549,-0.0454324043401763,0.0189352270467604,-0.225551747930964,-0.372451173974664,-0.253375487451699,-0.0783157444192278,-0.138070398901051,0.0648655595681006,-0.142440991213444,-0.161292596436411,-0.0117208956820913,-0.307569327665322,-0.241259371666965,-0.219962515866573,-0.180968441263526,-0.153260773309691,-0.301902261333613,-0.0596565873718136,0.102060264778401,-0.18968195264719,-0.21844313277095,-0.466467202351902,-0.154842110898881,-0.135599025481474,-0.263922357403731,-0.269822757384717,-0.123638408769527,0.00472854445570078,-0.376835108262881,-0.459872450512904,-0.19644146207159,-0.0325143065597364,-0.251047720310529,-0.330103439090657,-0.393022980204558,-0.38633077699641,-0.0387614680194452,0.0722075946242846,-0.155653240807317,-0.294364244454331,-0.290266344255414,-0.103674733385832,-0.262448535317524,-0.409182170404043,-0.391936373031923,-0.350694319997883,-0.241477695052198,-0.481598254530068,-0.3867926253796,-0.425394884007314,-0.622256237246602,-0.637758634861857,-0.350444242852994,-0.814225861984582,-0.684896106694996,-0.612264108726358,-0.434935119621583,-0.416775863163063
-0.00455997486954825,-0.0656753383519741,-0.153212670044046,-0.118072624187536,-0.149176126379415,0.101509791594448,0.116302646987218,-0.104733464570305,0.0289405513620418,0.285871973636394,0.357945097812823,0.112428787394847,-0.192670408810397,-0.0353426192405645,-0.0769158893100736,0.0489096283068485,-0.169515214990025,0.127274372366275,-0.0456413412306908,0.0702397144060102,0.00747027297099059,0.159142551188782,0.151219215025789,-0.246843160388344,-0.316948253799702,-0.215979657850559,-0.188236009952342,0.0676260578345572,0.194846047979525,0.174659660260137,0.0234972684082307,-0.133401265283871,-0.203526911837209,0.0262035442546213,-0.192235178056686,0.0507947676974911,-0.161723637544246,-0.135056083152317,0.0492173351119791,-0.221150183453134,-0.358518787509196,-0.223678299006519,-0.0491143672937372,0.0297425753324601,-0.14783654841341,-0.229717336773196,-0.219352215279173,-0.0930248261418541,-0.0852046744364747,-0.273567380190136,-0.494797352448926,-0.21694430472694,0.0361132747640151,-0.0188638297511386,-0.150376995087545,0.0196581745548145,-0.150394969189174,-0.099787224976165,-0.178033684096744,-0.494941818949343,-0.175321505092698,-0.277284666805174,-0.438135476383077,-0.204611735990202,-0.16860991055648,-0.0300176161097858,-0.05696942523872,-0.507501971563231,-0.414140934720662,-0.288693653325769,-0.167202346157482,-0.576540373137085,-0.536414655289781,-0.279470207688592,-0.156183112330378,-0.122978668300963,0.0040752128359421,-0.216809893356534,-0.162769992213743,-0.225859632315721,-0.406769152548009,-0.454105114740832,-0.5083678697047,-0.450555012975132,-0.392932603218752,-0.273617373689683,-0.467973304487952,-0.440070930343175,-0.407612006816845,-0.457040008059087,-0.400663576182832,-0.524700689616595,-0.48613304734396,-0.55407627333502,-0.45220045878109,-0.22963811612557
0.0885725246270298,-0.057180551208096,-0.00263195143324316,-0.365823282407929,-0.385827057959078,-0.0620766511819338,-0.0881844426036541,-0.0463212550979649,0.137817608411477,0.273889688053785,0.439658682019538,0.107615144172405,0.314507966909615,-0.114256568761407,-0.123771368433377,0.106270189578419,-0.0861394569853954,0.362952675933106,0.0809431605109914,0.197902067589464,0.223152034629077,0.091205196900585,0.127014800186911,-0.240173115857622,-0.261415003732451,-0.239628328186136,-0.153016050023043,0.108233268114791,0.0569636582380699,0.259575250558942,0.25168799760846,-0.023412197190912,-0.424291633688406,-0.111239656757495,-3.76407167145543e-05,0.0457092494298025,-0.204189349865671,-0.19115016663231,0.0129715669426435,-0.234913915777634,-0.296923944867962,-0.203042719598794,-0.0498050992893393,-0.036024210480541,-0.0676840170223787,-0.28762099795101,-0.319625610082874,-0.116319331194758,-0.0158171940996439,0.0412976434522872,-0.327648330875487,-0.238271539313238,-0.034712843650354,-0.324694490563347,-0.259063696498457,0.140362251210937,-0.00503137419714121,-0.0674356384714894,-0.300121454024082,-0.359152993448945,-0.286711643284667,-0.219623021242337,-0.200199180162695,-0.10576435250465,-0.184182216296074,0.0470228708544419,-0.28586908535176,-0.529854214382798,-0.466470226440386,-0.0981139709108621,-0.274960149399773,-0.45176988677877,-0.503662839941883,-0.241577065935299,-0.109316889422771,-0.0941666387889701,-0.0238369137297499,-0.145032060321217,-0.306834993816642,-0.175384153839224,-0.47663483407266,-0.429994526343582,-0.561707565858317,-0.165701007683553,-0.414645279206971,-0.112694520910319,-0.301744292890767,-0.455983539561383,-0.718868702259268,-0.670843767247037,-0.494415635938673,-0.648602353919493,-0.614287334349433,-0.752844745239989,-0.527269582294598,-0.333540114280682
-0.171540086116289,0.229693572993539,0.694400593709951,1.86584066579613,1.50995755416409,-0.376921474526162,-0.158136442560634,0.643164259009335,-0.640866965294678,-2.6451969514339,-2.46634865071142,-1.09536811374957,-0.334795549435671,0.493512174778647,0.147757243885242,-0.682216336408785,-0.416300215502205,-0.326533983256935,-0.472044929559359,-0.150690555068179,-0.545222538747769,-0.936063397729123,-0.25024839249047,1.52202978924068,1.89957714810569,1.94127022964217,0.761601528632513,-0.314471711975765,-0.942759937852004,-1.53043142457829,-0.730091852429613,1.66240390497204,1.83870493444552,1.12251299478365,0.527788984352557,-0.0333818917085455,0.689266225300121,0.759792117431006,0.124424213314384,0.643312075728652,2.49303413555644,2.49635862106852,0.401399148027268,0.00994456482203229,1.29047261114313,0.657904505179381,1.00698547517249,1.17216564760639,0.421557744991211,1.43936739161035,2.91646718814526,2.11475397247109,0.421999525916618,0.489126670142849,1.23607105528348,0.0924691616877078,0.0214266241540847,0.821406224616077,2.27597127471875,2.57358986223836,1.84543869361862,2.27707294543018,2.5366147735522,2.27436473210908,1.50644406441093,-0.0359821263738882,1.61798152623251,3.22483833608097,2.81454899604461,1.54711123060749,2.76862673153208,4.68041083604169,3.85028686311357,2.32096798924284,1.2451030843059,1.20670711265877,0.998743311331614,1.75048404703268,1.96879484949011,2.42647564753734,3.25611163513885,4.08870153116524,3.6292822819148,3.66149318047428,2.58115928179548,2.85848643103849,3.60109568627009,3.63068122423578,4.61009595272034,5.23807956734131,4.61193058178925,5.49092434339903,4.96360434867087,5.31717131625714,4.8373717581237,3.65817652121369
0.074183420423552,0.110940084055661,0.731000055855619,1.16466200572205,1.27751219868464,-0.252745667458714,-0.256204503527729,0.569232950798266,-0.332422892707994,-1.89827226714884,-1.91327193116594,-0.947535811781773,-0.342472029734311,0.466968375084284,0.129685314452011,-0.277434487821062,-0.332417948141346,-0.313142961869185,-0.2236032287587,-0.240212824751647,-0.5335482748938,-0.778825477369632,-0.343910311618975,1.24663592033551,1.3624026344875,1.50859675435517,0.753134132055123,-0.256460226733521,-0.606007883614152,-1.00633447034612,-0.323114562534592,1.23070329448782,1.41039310204546,0.89015481567593,0.573400959715615,0.232460652625438,0.292340442816078,0.585816328415613,-0.118737207022378,0.595066834741509,1.88779547756268,2.02674356691784,0.28560840404177,0.243030583266986,0.754283170705184,0.508477719739079,0.980465394538245,0.803728142042117,0.431945850121833,1.07708477086892,2.29025976556878,1.5848490913232,0.360483635823322,0.483141518003934,1.12373087369633,0.0448009101305863,0.2294410121722,0.478626248900905,1.9170454542395,1.7519611098147,1.44329160061448,1.84282689249417,1.87188570093402,2.02404513684137,1.05471392507998,-0.0414221471315202,1.25262111753045,2.35857369212929,2.21006964419643,1.17591651202602,2.20491610677107,3.57108560181139,2.96421950926632,1.74322871006834,1.16849932489593,0.933758117408604,0.847332765871124,1.53624336462995,1.30714433838219,1.80270453174914,2.379896033776,3.0216147387568,3.00601953325035,2.80961057372882,2.01329044809598,2.26062293836557,2.68987958932109,2.81468301237715,3.40926233799032,3.78875797404183,3.42658365963241,4.11986109471711,3.74247123492794,4.05683363723714,3.70167429521849,2.90184349016691
0.0963071368462626,-0.147690164812357,-0.272749033130993,-0.761324212301811,-0.897719428958054,0.181025294218896,0.322744467538681,-0.178820985187969,0.237973980149044,1.49522661762607,1.30658619383776,0.724965840428291,0.159526991192551,-0.216204430245239,-0.0351311312071863,0.476754555522513,0.212640857205556,0.301501089404159,0.0935045943124068,0.0584470588102357,0.501368249975999,0.450940864846618,0.140358116759389,-0.687262260021771,-0.882052623581675,-1.11552734959496,-0.630899626683122,0.0790865474820448,0.536713607173464,0.686657171237751,0.459484831017959,-0.870943822042057,-0.976085416275553,-0.577727942061007,-0.460296990864587,0.0730332515115446,-0.406394182945436,-0.328716848588406,-0.0802024705129666,-0.281762670894704,-1.18345810033037,-1.34396795315877,-0.255488037998525,-0.131067897273678,-0.523133460616127,-0.203436957486843,-0.570679380165561,-0.510990855302177,0.0166818937120926,-0.841234938026574,-1.43792948748046,-1.10261236421533,-0.336000508203001,-0.275304025561485,-0.567552491237668,0.0135918725467824,-0.187932837939049,-0.301944975055822,-1.22543502962314,-1.1088363415449,-1.11869757572346,-1.01853234006971,-1.3566995751439,-1.02425201070744,-0.858732027204849,-0.0282255907278133,-0.947842259127507,-1.7177941371129,-1.33900520917146,-0.831454144528722,-1.4504686482914,-2.23822246109818,-1.99455633815626,-1.27523561770343,-0.67102127404435,-0.760552669910266,-0.579156839662646,-0.95985524942995,-0.837108339271792,-1.09940825990903,-1.73008716958562,-2.32464448862325,-1.94476555403637,-1.98294788942663,-1.35010361892364,-1.33146689415667,-1.75711889603537,-1.76867786399144,-2.17472096794974,-2.44847904516605,-2.27799989209639,-2.78137834798929,-2.54831479809269,-2.59883008648099,-2.39400480972007,-1.68313328214508
0.13254262986006,-0.0206236750089513,-0.0541868297118931,-0.063056185864436,-0.0880634657785034,0.0653970153020616,0.0265622651491665,-0.242860171555943,-0.0344212599490204,-0.187926449604336,-0.0596147749719237,0.000159219230761739,-0.179561280351591,-0.123056434492338,-0.0107837431649376,-0.163630685263799,0.118344899229484,0.0772436690638449,-0.00991597924539258,0.195082330290312,0.044922773333267,0.15448379934561,-0.118872922329485,0.106058257186153,-0.277103969658662,0.0488009200161319,-0.189156378366211,0.0283837744486627,-0.0226099804306482,-0.00486393459013773,-0.108158425157903,-0.0533031002609928,-0.0148503449761006,-0.145463305553405,0.0472792498898442,-0.112609331023585,-0.0542799499738821,-0.0361598579337164,-0.0553304603565981,-0.0282294788758671,-0.066949068386372,-0.0871247930037412,0.077285820699043,0.00512373891753309,0.0786089452509583,-0.128237890500827,0.110140430512762,0.158444628367227,-0.161005435458955,-0.0107924835007478,-0.0543985349743726,0.00390065458758786,0.094104939101613,0.152667174946248,-0.0383406001398522,-0.15628537682555,0.0989416994607335,-0.0573260214540337,-0.0580849948372548,0.0936892788837858,-0.208819109218335,-0.0613619831750005,-0.0133810080024741,0.140936987840712,0.0432750255622193,0.0447544219380806,0.0753880168090004,-0.135855285617012,0.0258235773764233,0.0366943297719393,-0.0962035090122087,-0.00426876293467572,0.0790646517534898,0.155174343970211,-0.142366339478828,0.110940184104502,-0.104951430008232,0.018806386602153,0.0659433687217641,0.247089944690428,-0.114160895085481,-0.113710715326353,-0.0632778837138076,-0.0179452691662207,-0.103341342039569,0.0613055043909801,-0.0612882604494695,0.0616846675229413,-0.0388971514505449,-0.0255744791617268,-0.147725725149883,0.00132313015979412,-0.00842932541161427,-0.17920322116906,-0.0385556449609692,-0.0735379067207103
0.146839187513818,-0.171640922556277,-0.555511518104072,-1.05580794583933,-0.88224695842832,0.261435559444896,0.20704913814987,-0.542429054039791,0.431126811382212,1.67471668537538,1.58272145148197,0.82785060410196,0.370796825795074,-0.319800875065133,-0.211167557118718,0.242620615496104,0.493304919425158,0.327956021525312,0.0433497424706527,0.311649972735953,0.489496778580178,0.730148277424405,0.258407293300339,-1.11451042373419,-1.1952764622433,-1.23434017597642,-0.723791410740208,0.407242140598732,0.662810006038037,0.916231544993535,0.341393606628243,-0.848819191971987,-1.21536113290119,-0.674186165011719,-0.484556393943334,-0.304714837557964,-0.537013132176434,-0.471951755142181,0.0627002497569613,-0.53005342702691,-1.60645965902028,-1.82749952252504,-0.369703968036438,0.0359770697001946,-0.654458441914247,-0.210451079868487,-0.837544506255569,-0.465450486310044,-0.044718767449485,-0.878390540551858,-1.846163708104,-1.61372131931911,-0.320164718681314,-0.26547477711004,-0.725054392329409,-0.0468570146480421,-0.158887111832863,-0.435059876872983,-1.44729652283276,-1.88061486756254,-1.21295453357057,-1.45732512238145,-1.56190478919925,-1.32165153058318,-1.07103759106049,-0.12750814479928,-1.12423263438733,-2.23501197121598,-1.8862256968676,-0.935616773152652,-1.92249061774567,-3.09292216149221,-2.49963283373117,-1.55467494231361,-1.00843357558442,-0.843396613917282,-0.720351309645548,-1.31247057559898,-1.25977862477501,-1.58086530155923,-2.09183425746901,-2.65065575094833,-2.45441257376619,-2.24370991005207,-2.01257310096333,-1.83581708357424,-2.24364293598146,-2.39895555922907,-2.88046753627048,-3.21435243537341,-2.94002867809191,-3.42649767172341,-3.23514051218015,-3.34820470348358,-2.93685507316425,-2.32693703956831
0.0820091538595812,-0.0273545145644012,-0.068443384834062,0.0752438283927425,0.131464357232245,0.10764877918855,-0.00789430372097873,-0.0683345339560783,-0.0683732033705977,-0.164922229849566,-0.0891634707902297,-0.0322017682367239,-0.109910807985929,0.0205212326690292,0.218348032361599,-0.105409928034496,-0.0599753715969515,0.0656797306824207,-0.0733328004254681,-0.0699159800295527,0.0486123828655987,-0.311026539169971,-0.0403672377161407,-0.0430899247400714,0.0412981465044534,0.0860037254200953,0.119284845594253,-0.0838006383077544,-0.0146027931441696,-0.21936217897713,0.0047495012374557,0.202316019958702,0.019190464300235,0.158542202005251,0.0251614208087206,0.0882722383535208,0.0750911788723466,0.0521417291656858,0.0140145169678851,0.242006158026348,0.212722114697609,0.180972989707958,-0.0514430761660087,-0.0192247337381386,0.13439232981488,0.0775905886958476,-0.0803971142214411,0.10125721360918,0.0480324884468338,-0.0547079201603396,0.168809941610893,0.238488900776025,0.0749246779675854,-0.0668755699737061,0.0179034519396781,-0.0956536101089611,-0.105958685935768,0.11406863403936,0.141984224271498,0.0807717277897109,0.12614341347419,0.249062779043405,0.279782777151004,0.142475581992021,-0.0244628893880116,-0.0844000764857384,0.172920052928912,0.296636793505495,0.329378267345491,-0.203142563638144,0.244167753494749,0.461087969892168,0.116161141698965,0.0343753307814694,0.21233420616932,0.203487237695596,0.14784182955554,0.0477304372709003,0.0256630987139908,0.21515790614309,0.227568144809394,0.204066565211211,0.162522899395677,0.325037780533074,0.289022469577802,0.0982515101439635,0.172179228869117,0.219864543577208,0.417174702260075,0.572374516514849,0.506845791211736,0.568603513830117,0.109062235227947,0.337313432232112,0.378719173946652,0.224833378193557
0.0985285181797599,-0.207777083987569,-0.310198449292752,-0.697663875966336,-0.552145055087878,-0.00635453324443383,0.250247079642114,-0.0554597888817058,-0.0225436924682487,1.12000142648938,0.914828776214154,0.489376711809442,0.0370774992183339,-0.0680127976508222,-0.189271468605808,0.107616231523297,0.128150514814776,0.102355216086331,0.0190560468444804,0.135070708283048,0.301609820135726,0.143911539273223,0.118269156122721,-0.406323148537897,-0.833778450172941,-0.577376826367378,-0.42908202336058,0.13321520583499,0.580204420523667,0.559016729679947,0.226258833974928,-0.743176374394115,-0.645553988972569,-0.413457919717497,-0.450149208808334,-0.143552176863497,-0.211943841516206,-0.271663442888294,-0.069195294819084,-0.294120092767707,-0.80352371470833,-1.03187391077151,-0.227582133921931,-0.124773903359494,-0.493154033590517,-0.409666577396363,-0.497152056764145,-0.180366500050276,-0.041186004395744,-0.615031041964669,-1.2819116830696,-0.89683995678089,-0.0697640977045691,-0.129159349897949,-0.411309500816237,-0.102067933752043,0.0399292198923573,-0.278175061591864,-0.685069339373459,-0.802517792540732,-0.659311705061473,-0.932362342375825,-0.815272328454352,-0.773625729393138,-0.437241703265385,0.0678067319735967,-0.536029253407359,-1.37970350556223,-1.21915215221555,-0.665452173394125,-1.0887187239947,-1.78419372519063,-1.56317162742574,-0.874734877462497,-0.529396782271211,-0.390591111930593,-0.543420176682844,-0.742677259053543,-0.745544524362717,-0.909530647613432,-1.31350737600555,-1.43563624399221,-1.42959826884615,-1.41054765135395,-1.02165147769969,-1.15386202600929,-1.25921521434892,-1.25467520005403,-1.72547490716281,-1.90799346324951,-1.75486632101871,-1.879620757868,-1.91215728206843,-1.91575772206401,-1.78577564975968,-1.36419049531896
0.0544770692697715,-0.0885163989606017,-0.116575651981789,-0.18424453636944,-0.176903964986308,-0.0763262178348917,0.0549991563450465,-0.204297130924388,0.0609506753107647,0.471732138369584,0.475106361691299,0.0550837382378434,0.0889111232472979,-0.238853501087085,-0.0440181581151738,0.0492526966847307,0.0538330158738712,0.1486941489598,0.174842107020185,-0.122264435961809,0.0572933313398231,0.102849239136478,0.189124639272357,-0.0403896157284668,-0.331834632290367,-0.10794027864673,-0.279314872028475,0.0301184929981207,0.0649803211808684,0.422311775146138,0.0918981163836475,-0.209221741113691,-0.377845594414882,0.0303724132021176,-0.0248743077912452,-0.118783479300408,-0.260911262403685,0.0508361345027569,0.10110680106454,-0.117950561781167,-0.478980150733501,-0.253260861836784,0.0549894641991565,0.0306276681159171,-0.106207342320836,-0.0749408554329622,-0.131205758408117,-0.096620473633422,-0.198639901586918,-0.195177141095458,-0.532914298492494,-0.0863008685776762,-0.0503113032693228,-0.270206632968491,-0.50061153887472,-0.0214437509373456,-0.331053817424958,-0.192024122401911,-0.387295038587214,-0.182573887211296,-0.0446496197614057,-0.286079571279073,-0.412254788544046,-0.307055784518482,-0.140901326631834,0.0832353983105996,-0.30537624347996,-0.427871713104577,-0.455402133237522,-0.173419857456774,-0.443559982831528,-0.510244027624212,-0.722378395544592,-0.109760867698911,-0.124905354183796,-0.185131973511876,-0.132422956815525,-0.19385000252127,-0.181867887401105,-0.350787010145062,-0.313073051393832,-0.658459348490291,-0.402829934487368,-0.668241428383477,-0.388166898375338,-0.39545700794826,-0.302556851109112,-0.561304703641369,-0.626805627202031,-0.86907235733858,-0.688343685080549,-0.679787788493574,-0.857688855654604,-0.743425057335105,-0.675837383097761,-0.70297384795289
0.127216881337566,0.00779949452173122,0.255935583957714,0.499996113029433,0.578421635846186,-0.120371077186496,-0.0799140523566539,0.206642271551996,-0.164226256571357,-0.874548625022552,-0.892914710540131,-0.426809935152545,0.0405467309132269,0.159428875172141,-0.0516087120780382,-0.42723974193178,-0.223336465908328,-0.0810058145962506,-0.0387729734470206,-0.0292584592752921,-0.156776301673056,-0.311055178453397,-0.159473719888756,0.496140365319597,0.690313539439374,0.487850397425563,0.270379184778524,-0.163148411568681,-0.10855070501797,-0.440394371595165,-0.283412088590785,0.601756229108825,0.618163471263624,0.483005377806701,0.219224026681016,0.0599462957164845,0.14963914124454,0.157316631734127,-0.174211561656266,0.251442923944422,0.814674793422344,0.810466534472853,0.0230638540143935,0.140934169070259,0.564944761286771,0.106997549729647,0.457396661411261,0.5536629989707,0.0982078070227083,0.525714675611275,0.912816592347319,0.797736988526711,0.0530334085836792,0.135382011949604,0.286489697818507,-0.0993120378942691,0.151826288248153,0.241650115320746,0.718334523701213,0.845919998297166,0.715907100226581,0.505660588050738,0.935530676980535,0.624393385087594,0.433761124872759,0.0372422601264344,0.59286296891782,1.19927705541893,1.00080516113006,0.571374479352823,0.734893059964882,1.30256182794088,1.18890050237055,0.965363878484513,0.420002034282082,0.583795089986045,0.517589546074813,0.513628235226459,0.706961822563857,0.847203953229433,1.09679859378782,1.37382517715638,1.15774979075161,1.11616104984655,0.82498269566629,0.873238165700256,1.13322536152434,1.08415987899611,1.34874596993813,1.82993275352481,1.48692691374458,1.69043705146699,1.64265417979285,1.74376891447469,1.4255551697433,1.26113850980001
-0.201380258567576,0.00751288085107774,0.00231603854594495,0.0608752169548613,0.00412404074363176,-0.0349413426054992,0.0659897696732265,-0.117862614856717,-0.109619254747707,0.190134185284768,0.0618541250270984,-0.0415463019971726,-0.102658222631526,-0.183441331339353,-0.0113708437424215,0.12686565470843,-0.169526535456084,-0.0475653799799918,-0.0618839036517561,0.0383244123838776,-0.0728039712214281,0.149466436786871,-0.00737774909465453,-0.0575566955484694,-0.223516861801801,-0.230853887916184,-0.00714853691101618,-0.0715608387976719,-0.0567873890202004,0.247403706160257,0.0397836029458651,-0.0829344460424281,-0.205937501327433,-0.0150967954590715,-0.0211143726932685,-0.110798377309634,-0.0722727170833186,-0.13454134939121,0.0665757220381556,0.12539066555497,-0.221957801283676,-0.310962489580532,-0.0150511097534248,0.0305051630231266,-0.104264173542574,0.0451416688748591,0.0705073221728166,-0.0997066925473286,-0.0468365265109443,-0.126500604989906,-0.272153895829478,-0.334840931027927,-0.10689194238966,0.0881267985457094,0.0782437274994731,0.0946801615268616,-0.133262316900064,-0.0320807055964494,-0.233738854804691,-0.20707116215719,-0.0305835618710876,-0.143801574008306,-0.139906478707955,-0.306410235369852,-0.180649998532916,-0.044099977625482,0.0774148856700805,-0.205381576065575,-0.11182042549698,-0.0425993786077451,-0.234120202512558,-0.379119754588774,-0.241820073240106,-0.249034044196718,-0.0223053798656316,0.0724793783613619,-0.209069468772233,0.018032548326125,-0.230280957157168,-0.0475060343198657,-0.263785827565223,-0.31036385711709,-0.201212405445374,-0.12287740907376,-0.0154093336291255,-0.211775357012175,-0.352173368066989,-0.223268072645261,-0.244756333710099,-0.347339378785847,-0.364365406986762,-0.295390125589227,-0.352201040720894,-0.556041947327142,-0.302983658686232,-0.215607197827909
0.0791519188657447,0.0288175826681111,0.160594056587533,0.134736903326058,0.217568070168316,-0.0563657300793258,-0.151149284205858,0.10833557521886,-0.0997586535373406,-0.319971443654992,-0.178915235749074,0.0752746907331523,-0.0558894495695876,-0.0730245853501165,-0.100460737795208,0.0508681541902357,-0.0240524439710142,-0.176946243646617,0.168416472848256,0.00614692518544635,-0.063517002078493,-0.126800319890074,-0.0723596227969427,0.186547906141625,0.349099867773897,0.174375229587493,0.324644433786744,0.0460280197581259,-0.254528251961258,-0.306988333851404,-0.0312636987018976,0.121956222194656,0.194755642708516,0.092352149620949,-0.0587797393192112,-0.0211319645269785,-0.00855080291893973,-0.122387005721384,0.0253069692973977,0.101991163990589,0.336791884466468,0.193249222935325,0.00262223327314665,0.0612891732059851,-0.16385676878705,0.197877496240073,0.159882198651527,0.0180945192984729,0.0113545509577676,0.347392654986175,0.597269169044385,0.159262686937491,-0.0866697622732418,0.19148460855884,0.182688656583298,0.0151790165451625,-0.0210556866750714,0.271422574652018,0.360221212056811,0.209845207064646,0.219902989271984,0.337333739728623,0.279390734898773,0.248655186754137,0.173160376058236,-0.0320581508084598,0.371504738115988,0.286710273777822,0.374924359999653,0.0400083729520561,0.345745707929716,0.417496613078751,0.392639988943998,0.119473730796069,0.150534678792171,0.0222053436385435,0.0266356223413219,0.136420115615153,0.180122782419363,0.268470028136503,0.349775928801676,0.529456074072009,0.246812396759416,0.497848721614607,0.121593981292959,0.344245941184545,0.431062555448589,0.369279550575583,0.510315023913005,0.540565892134973,0.314141553500209,0.557152297584008,0.633080805786888,0.547627777370152,0.506434759034083,0.271025157645461
0.100253584111269,-0.0595160135763387,0.332250437895131,0.806832913334573,0.849016961047889,0.041600125396198,-0.128333175885057,0.330629998439634,-0.409977619834985,-1.40062095532629,-1.2421762127168,-0.645683594710747,-0.0665423117410864,0.326462642027061,0.28680875391227,-0.328836845223925,-0.418033528821844,-0.090850157103261,-0.309330403275739,-0.21516458076758,-0.255377705713545,-0.406056112857943,-0.340128410105919,0.838123735949226,0.918081148976957,1.03664566723414,0.531343932717855,-0.171713735443945,-0.557001370456881,-0.78354881264466,-0.397331957452415,0.906849298592254,1.17768689763995,0.693428457863513,0.294714880734229,0.0766164612423207,0.422940572575702,0.413829336781009,-0.141392812491567,0.375743928545548,1.47784533075932,1.47547126581267,0.20049731158567,0.237145604074457,0.580922218277702,0.381024773320116,0.643928655035726,0.372052540125056,0.0948067620726644,0.810189077183412,1.65124355714973,1.22389539514262,0.22309219699875,0.151149079743482,0.591638633477571,0.0759517063015476,-0.0498543608152305,0.349272426138097,1.38388929997599,1.37254048729923,1.18207114786968,1.32463613518755,1.21032558276173,1.19161131540971,0.83614150183417,0.00162157498388216,0.858902320070399,1.59973953247797,1.41948439218771,0.80299577274581,1.56035433493134,2.52907705155457,2.161276544886,1.42031058208224,0.869489876200878,0.87697583742708,0.616797825691423,0.891353376382095,0.976241177841216,1.26788441669577,1.73321897107111,2.30917383855049,2.01590062338458,2.0021548942381,1.55347645886524,1.48627807843497,2.15558822762664,1.95190297150221,2.28964138104767,2.64034809691933,2.61931181738336,2.95519693015203,2.65221623381782,2.97222898838926,2.63243474365699,2.15962673460834
0.0650887290788285,-0.129596575004326,-0.561091623216216,-1.02741442095706,-1.03985178121526,0.263939287791901,0.355976593272289,-0.524575808895958,0.347962536328926,1.65739438368213,1.70166794140501,0.90846771261868,0.210434376988603,-0.24803144551981,-0.180734703988572,0.360977549148384,0.277500024381919,0.457938653190952,0.450352574529308,0.0528174419922897,0.583184334027856,0.646112627761725,0.126289140062126,-1.06849720426703,-1.32105883717361,-1.07421292206203,-0.710358364978996,0.0604725709215471,0.509812417707003,1.05873940555636,0.400302777358895,-1.00182966663164,-1.17541795430879,-0.934385800432121,-0.47642408666048,-0.114464233685871,-0.38469837487934,-0.405529383909748,0.00252401782260314,-0.375819563841476,-1.74354249572209,-1.88306592140611,-0.372795064833922,-0.112386125428668,-0.690187789946817,-0.637585289853164,-0.864267820018016,-0.65445930987301,-0.282455475623586,-1.06036393063012,-2.12278784796345,-1.4673969532477,-0.331025320978277,-0.464842849827909,-0.836827690411603,-0.0745918565535565,-0.00764072151991929,-0.486076016236242,-1.47190463916442,-1.86994170774511,-1.49920519053998,-1.63582337634019,-1.64438375019157,-1.65070068561567,-0.819908837023997,-0.0408921981098462,-1.06053442872699,-2.0779507662351,-1.96679684083607,-1.14049195086423,-2.13820679210704,-3.10792191131052,-2.75145807405028,-1.71814689252765,-1.03980509572061,-0.886869093228102,-0.689598068757619,-1.28930896372458,-1.39187630886794,-1.70316383108363,-2.38541798526357,-2.94646770473463,-2.54397221877624,-2.54668060369897,-1.95118192092287,-1.96501881795318,-2.48910118290424,-2.47817912969386,-3.07270389179543,-3.47891000765896,-3.32276578007303,-3.72178071994008,-3.49188306344874,-3.60527405308976,-3.35255394845232,-2.46882707195716
-0.256310011167571,0.200038366081009,0.128021301681639,0.657931940976688,0.584497654966761,-0.0475463335580122,-0.0962427681306482,0.195316569634932,-0.173740816205568,-0.756801506479107,-0.875550406931726,-0.318671376933363,-0.0632831898685167,0.17584968839232,0.0954841521574514,0.0565998934580094,-0.305494942350058,-0.0428808988122351,-0.0074076644820357,-0.118639348321028,-0.175928349895693,-0.302215040102224,-0.121189646559878,0.399796628071368,0.669665039343474,0.47688908185072,0.367940998095421,-0.211792218549454,-0.0769324388960425,-0.4908448274733,-0.219644544871786,0.612477079871337,0.461196495568885,0.221603769843755,0.196337190474706,0.0905208645307264,0.214616516052137,0.228267116027748,-0.0272962473242096,0.365478852920676,0.857596425386196,0.913666710031249,0.233903024652331,0.177849363780263,0.32050561390158,0.245460215912745,0.307812867112814,0.413137523869441,0.145829932906242,0.444104740081546,0.619119576440883,0.668808126193388,0.0249134175700216,0.37140216144725,0.505683913034488,-0.222855299295152,-0.0503075188990694,0.242900962675344,0.90193421748322,0.854149572208057,0.474311137264155,0.929393703965699,0.640636987381032,0.565900785278134,0.397051250972832,-0.15860030556348,0.684444227939907,0.881020245077666,0.708606813071512,0.555646841640301,0.900873129916826,1.46232720693313,1.21071807976515,0.895582312779829,0.585281201281705,0.460939998776341,0.454079628200502,0.660967177785902,0.626146777115138,0.651446536950201,1.06178552432283,1.16222198748304,1.22071855532564,1.16289844678921,0.921814614141173,0.908451854633035,1.1453699290985,1.1157480856614,1.47556366582656,1.35904612569407,1.29955491089627,1.6639621522642,1.36129912867379,1.66774551459257,1.41120346479856,1.22515446911521
-0.0268100714191579,0.0743435812557752,-0.265442793930063,-0.286012631467932,-0.284223214896802,-0.0419899446494529,0.157046567045192,-0.23218189258086,0.183514529566048,0.541900179574999,0.551818058430944,0.14332694109844,-0.103715762362297,-0.207232702919528,-0.13972058065602,0.257141314391446,0.020550026502113,-0.0964206799813993,0.430720632181996,0.131584609433982,0.0865920064390144,0.34109109815612,0.050873002837949,-0.352141632102904,-0.341292606261062,-0.474179138311221,-0.412003891296134,-0.0569777651846528,0.219902448801424,0.474487212883809,0.194493371769368,-0.321693614268447,-0.428521929669772,-0.28360612313245,-0.359603155153052,-0.0955374409096498,-0.0735499253111931,-0.363011902077314,-0.164211869100809,-0.225915421135399,-0.643600902904336,-0.593601646931827,-0.441194500579716,-0.160515207051787,-0.32647524173555,-0.105187860635881,-0.186375714265934,-0.392407457435758,0.0513582222631263,-0.506992227063141,-0.737802609984892,-0.34145518543653,-0.114736750921379,-0.209727610530514,-0.195339794217445,0.18044702733983,-0.121958079726703,-0.294293419378927,-0.655808868947412,-0.637948443253319,-0.563316128860309,-0.556591372722303,-0.616416116919618,-0.643674978950773,-0.208829661218858,0.026897621320841,-0.549065462301321,-0.9158316229999,-0.738124433639554,-0.185466739915381,-0.717087414373972,-1.13572100750672,-0.946018134094136,-0.705314877507745,-0.210501897154937,-0.231105427950397,-0.25025829877383,-0.576811008078247,-0.597097860587186,-0.677403578729303,-0.781002416121943,-0.981693745413739,-1.18774061503301,-0.938693165276885,-0.420477827805096,-0.716261558294325,-0.726466886362769,-0.796427291434532,-1.04949927447676,-0.933189960486037,-1.06914323065838,-1.37068511586644,-1.23585587097667,-1.51579626876412,-0.990188599597963,-0.969817805234932
-0.144967466827629,-0.0381938966710437,0.424116651722819,0.941080785576681,0.993823693620215,-0.100535115521766,-0.432787354181366,0.371652786835382,-0.437006166040488,-1.41747149762162,-1.36840875617539,-0.679576174869062,0.0272460538323301,0.220985274145703,0.141530197144555,-0.461304835600683,-0.316116589277259,-0.253382631339314,-0.11317540162315,-0.00819937650045355,-0.456496582032043,-0.673248618507206,-0.232198199020137,0.793572822249715,0.939389499236581,1.06087499515842,0.764263055115343,-0.0613544338502523,-0.453684062533306,-0.739642465981745,-0.187688572324392,0.917434674505988,1.04511896786432,0.531185396883434,0.3021227330974,0.194723549659937,0.299136997240548,0.388379944972184,0.0630562070265828,0.185612151552238,1.27512893611272,1.51613089259268,0.336041218621051,-0.0272508775604648,0.691506604413327,0.288702176784909,0.499891442292084,0.512858633544013,0.0475309702597763,0.77775749633283,1.44081675820496,1.27911245805974,0.0923039322900058,0.168991107301044,0.706260997157702,0.0921118989078628,0.189665430658516,0.582670386442476,1.35182495797668,1.24635135995677,1.00059378496367,1.28784959967987,1.29493330961342,1.42026324604545,0.670885105050171,-0.137011485518731,0.972576610290434,1.64575941809422,1.66154421003516,0.71620874983239,1.46165795739311,2.55463847271396,2.13819967653422,1.25947217904754,0.892759330883666,0.785295518554195,0.56254251626084,0.94719743272186,1.14485056221951,1.27927492540264,1.7205443751299,2.42041104011317,2.04324917427855,1.93815022932364,1.39526719363509,1.56304070883706,2.03455815019593,1.88718559580752,2.4067225229486,2.91737515423034,2.76518704831525,2.80557980425364,2.74933119953306,2.82879124793578,2.63603499647215,1.84263517307068
-0.0903117097236563,0.0870003853089045,0.0201699823789548,-0.142889200508776,-0.0926810401263607,-0.0490359503088039,-0.0424744698810978,-0.0051921399896975,0.0596831433735341,0.138807565822855,0.199099683235104,0.180989670504707,0.153560191726337,-0.0618245302567165,0.0259278257111846,0.0340090701290355,0.103869367634479,0.0559885544919322,-0.0874903623448978,0.0435401818950387,0.0898465376181962,-0.0527381943228875,0.0413118468909348,0.240730773563002,-0.130002954451394,-0.0623566910356623,-0.12660217886245,-0.0860396331658959,-0.0757770427015158,0.0245808661604921,-0.123580837052671,-0.154487783349706,0.10155867581306,-0.0128012803444536,-0.0826290849023163,-0.121900617266568,-0.104375596334599,-0.172897600476715,-0.14125813825986,0.0326353104715777,-0.108945856399159,-0.203356199922158,0.059575195732363,0.133487621498345,-0.0402573699433528,0.135418201350371,-0.249433087042598,-0.0805632600080332,-0.105410637209685,-0.156636274400354,-0.110199308606246,-0.154261360090615,-0.146199296358303,-0.0386667912585641,-0.0861246496937916,-0.102617991052663,0.075492534287826,-0.0344646322546267,-0.160884850860579,-0.0652044722084818,-0.183496861029475,-0.172597122527708,-0.0437416945323226,-0.224709961465028,-0.0719412379896584,-0.0879961629360751,-0.0580951208891277,-0.367150158263517,-0.0763299676498338,-0.0626717749733655,-0.220153676418219,-0.129521860656495,-0.225538561094605,-0.0472798990601636,0.0573347187057332,-0.196562714209547,-0.173517778587,-0.094461009794097,-0.103240172893646,-0.00874569597423799,-0.203413453987621,-0.0529763562359014,-0.0543586641749305,-0.0848025540875134,-0.170880519351909,-0.183701210022164,-0.165350903379235,0.0220161659595391,-0.285634663689886,-0.284258922097878,-0.233977506777532,-0.317010274372824,-0.142000183345147,-0.352077064765367,-0.103288970886673,-0.0108666754813731
0.180263685365401,-0.0440829323858674,-0.376183284239597,-0.807384621679458,-0.926016258314476,0.0677515072186362,0.293212826657826,-0.291190155450332,0.310730078550801,1.46196000335692,1.24423379352687,0.544098615539438,0.38083711389346,-0.459854813011934,-0.024170314448963,0.272804370600739,0.250202221709956,0.261153482949179,0.228568446844051,0.289522517867523,0.379152641870907,0.543337744406961,0.0850061806830455,-0.872533819600207,-1.00165830170583,-0.922140954972995,-0.594966477623619,0.140249827931351,0.570546053475137,0.893375988702481,0.556492875991532,-0.809734961671396,-1.03389720673535,-0.762801702547132,-0.200774667184966,-0.171838636759739,-0.36773478092816,-0.310683586782853,-0.0401618608915368,-0.352063357133271,-1.30480560772469,-1.51104832610889,-0.0883549606914883,-0.0208661133948215,-0.724324974186019,-0.450993317096913,-0.467324761155592,-0.654046706957936,-0.124970264291213,-0.81639567374758,-1.56110520767868,-1.04210381921135,-0.0131923504289703,-0.382019649105292,-0.605066361047112,-0.127996063212922,-0.0902078082533745,-0.542140213790655,-1.46168550704095,-1.43670474188283,-1.02711040943626,-1.36992273913545,-1.29570655182763,-1.24069504445629,-0.539926934293762,-0.0494625703131785,-0.905526679474381,-1.81594206096339,-1.46162255192709,-0.927635582729465,-1.39430376689737,-2.41359526076045,-2.25697412241864,-1.21216566418768,-0.70038263076688,-0.869103265041613,-0.573716062844168,-1.13484420264238,-1.07556328759813,-1.42366233654135,-1.69623211237977,-2.4106001012567,-1.9159514571735,-2.01640464482135,-1.4082611820436,-1.67298438814204,-1.95774219520147,-1.92702704609394,-2.42902813860404,-2.89841872852146,-2.529939900022,-2.91853806120498,-2.73856044349786,-2.68580421370086,-2.48616835233993,-1.98097396268373
-0.0111434834828161,0.125647483209168,0.177637900769609,0.441916472916852,0.563917393435682,-0.31083741947111,-0.13552665234302,0.129293506654415,-0.183470716397857,-0.771353960399052,-0.813265916634201,-0.438511491647143,-0.209308457834329,0.130207542536477,0.0921663285661822,-0.228051897320268,-0.101705549486545,-0.13045461722864,-0.00448325519940193,-0.184284569202463,-0.360216899502161,-0.291765532445242,-0.293409940320694,0.308676853721181,0.74427823458185,0.784427684167104,0.226700928792738,-0.124723954783004,-0.232529477754305,-0.579760691290165,-0.186087444107431,0.429580870640749,0.680158479422624,0.358380911626982,0.0541485847809935,0.0302129921130687,0.0976327362860876,0.234180822741299,0.036933546658027,0.269677094625911,0.874328106517416,0.768415963371716,0.132086688635256,0.0120829305647135,0.387916232224175,0.332177806667898,0.370309502029273,0.291428828333875,0.216406242839412,0.523904103629408,0.856999190031386,0.68862288807,0.0694488302222881,0.0447948020143646,0.432716277447207,-0.0915853652507196,-0.0152200253132537,0.107016283986494,0.629140671423082,0.937391527094023,0.589462079565432,0.804666321182367,0.826257653787609,0.779372174380979,0.342739076515201,0.121870191822759,0.676904788441127,0.916521393433036,1.15326840265038,0.559873532338463,1.08597976095839,1.26613447059227,1.3513556667141,0.86268062125182,0.43751755963136,0.372348985146446,0.512090560824153,0.667617680712965,0.451835242843106,0.865838724925456,0.961307276644387,1.38309365346518,1.06361146267503,1.2240363795659,0.898803826717699,0.750634504187824,1.23507531886642,1.15944420520385,1.22271970425222,1.52917274796043,1.6570690537863,1.6997970618705,1.62660869510622,1.71330328959604,1.57595602793177,1.21328767927159
0.0491115892080752,0.0107142327136702,0.0774565769319892,-0.0489613543266792,-0.133238029898863,0.056921614314128,0.172805469120967,-0.112078274304573,0.183548483116732,0.0424568547547424,0.0999385557427339,-0.0320292211627465,0.19521809319794,0.0713270621103664,0.0431581316835594,-0.0620124858163715,0.030202559146816,-0.0501666085701762,0.13285615039668,-0.0269665406450354,0.156517579161413,-0.190700628467928,0.0607121404853881,0.0357148536940211,-0.0145591180471733,-0.081805856400555,-0.0315749337661957,-0.0348102426599977,-0.178087050634827,0.0443134213323035,-0.177543699880759,-0.158049723022189,0.115698168504943,0.00862106537824896,-0.0489058163485866,-0.048356811299352,0.0216620625713023,-0.0323538603733494,-0.0542271965471492,0.0873453751476283,0.0588629216103702,-0.113498623374691,-0.116904708872166,-0.109332842889276,-0.0984943189329693,0.0435869019839455,0.0674098128919848,-0.0544557700621305,-0.192464689037539,-0.0918214935815673,-0.0242275551568895,-0.108152957532363,-0.254525793699618,-0.0142745297826007,-0.197224101771788,-0.040332771105068,0.173518406946652,-0.109741861271092,-0.201754112397283,-0.0777985797826048,-0.0633801408500525,-0.102920890814276,-0.130106240876021,-0.0525605444216793,-0.174326609093392,-0.158601223364921,0.0735452851458644,-0.300044895893682,-0.0279337816875069,0.0661267920449611,-0.00409541362639518,0.0315610760741649,0.0198167148294891,0.0446123459132805,-0.264448862041833,-0.116978023044128,-0.0421430786899547,-0.160447936252532,-0.176749097537827,-0.000170656930701937,-0.142015789828309,-0.234996323894824,9.74535325620196e-05,-0.224971630674419,-0.0808531720826943,-0.0190671974621958,-0.14938133040766,0.00295291039865996,-0.493340231866445,0.0119966572578567,-0.191146598647046,-0.115482409654624,-0.0580463361041526,-0.183700760854475,-0.276174248170038,-0.186370413823072
-0.172359231784209,-0.0156554052536788,0.384655390117482,0.610770751215845,0.544047334755349,-0.202529568755874,0.0491077562992636,0.247242144757637,-0.320819345657151,-0.818822129853135,-0.624518442915068,-0.506100408602165,0.0437164237765423,0.199638032951897,-0.100106019042812,-0.166635381639449,-0.171558864998146,-0.0914253561790085,-0.159102370231933,-0.222686004987162,-0.111566925499472,-0.360783607103243,-0.151700026838587,0.545149334144668,0.42920267819694,0.564047954523735,0.302852637098956,-0.100275874235666,-0.263955202026671,-0.383197820878966,-0.150038178079022,0.519990555616719,0.638739714420987,0.285834855889172,0.227675004445439,-0.121254003525526,0.104051494320055,0.183879399225458,-0.0450551494709538,0.0909586821931545,0.71175698775816,0.833530037135049,0.175341057089292,-0.0722698815238116,0.349309825154834,0.110672309943018,0.292763194747629,0.304310855813832,0.0510868668110955,0.347614606623077,0.812774160757219,0.808870615828247,0.147424509357892,0.115614198843091,0.468529356921293,0.0308371021590181,0.269034010043797,0.207955385805691,0.626067892288386,0.983048651436751,0.650293425446268,0.779101277497583,0.784487854371167,0.518560101417339,0.383595049001855,-0.104177269466167,0.697550070295535,0.85803221250227,0.807491513614614,0.660508792479433,0.79899558134585,1.38995980571037,1.22990822073619,0.672474070803854,0.536038294274006,0.334390885599725,0.228806345082787,0.749180801113451,0.655452261650373,0.586315306375987,1.17236213748594,1.21929977172586,1.11066675888642,0.911432810491476,0.896920529737447,0.938221735826915,1.00636898970501,0.931285227216855,1.36184424239247,1.60675865358957,1.59291586875307,1.52399186399066,1.55448780582454,1.76362909543987,1.36837390835683,1.04289922945655
0.1872123227164,0.0490439309454707,-0.429763432888688,-0.834509212946948,-0.691324636439235,0.0502370370449959,0.160724277825549,-0.354029746999338,0.452663641411841,1.12904050841584,1.10189545552231,0.470567075497705,0.152868510201181,-0.238586689245875,-0.313356929663448,0.358135148604,0.224080279337228,0.234349900377733,0.0179469818314678,0.058513192893665,0.308270377164264,0.404149529395759,0.0199265715697099,-0.764151852692552,-1.04632373692259,-0.71048254436798,-0.452815197908504,0.043535754679211,0.503121379396948,0.622860033485462,0.349363930726861,-0.623151218518055,-1.04732302143139,-0.551600103307179,-0.175658563480384,0.0608859294125928,-0.295683795767449,-0.255045087536069,0.146069920369058,-0.284870141782909,-1.17616150575499,-1.16119236047042,-0.207888690733775,-0.0948541524271293,-0.375214427521793,-0.189939371173175,-0.459708095258338,-0.479405606626353,-0.244806486029252,-0.615245103933673,-1.26616787251769,-1.01468681446837,-0.25323774513767,-0.347327721171706,-0.567353572590028,-0.144983474638658,0.00778949010499326,-0.501746440633741,-1.03238085799056,-1.21421590071372,-1.02168803986025,-1.09764681651223,-1.02251056809053,-1.13815257618551,-0.649035012788686,-0.00689451142482887,-1.02501254888239,-1.36208173092259,-1.36148348866096,-0.75491550980922,-1.30540065414665,-2.08929847124,-2.0441951459779,-1.09655076515322,-0.657058472957383,-0.531382238156055,-0.559685936916945,-0.773447955553707,-1.00781539361677,-1.14554940860222,-1.58522954757846,-1.85142052081613,-1.64409464833875,-1.65760022322923,-1.21033682120727,-1.22802479689908,-1.78751735248481,-1.67070832053923,-1.98516182709343,-2.44716200236194,-2.19292571032821,-2.48794998330832,-2.10914853148027,-2.64944305409992,-2.2400592815852,-1.60620597267197
0.02423308088881,-0.0243107891453546,-0.219712620141831,-0.420952844627933,0.0272278665393582,0.262112873589808,0.174359999895286,-0.0670074499244174,0.156717647805592,0.245742427069068,0.315166088733696,0.289020588486062,0.0671239810496568,-0.00505515076698251,0.00536691653187044,-0.0759382091298596,0.139785725496164,-0.0486797699289319,-0.10565312632302,0.0320361017214923,0.205107617432269,0.182343513886322,-0.00296977569554295,-0.267595199560949,-0.417742323065354,-0.393290873909701,-0.0703588206100308,-0.0233091195125206,0.135690998675653,0.277675600518911,0.111760471960179,-0.35376513736262,-0.067948302464036,-0.356113849929308,-0.020189842456669,0.134214579032707,0.0449987621212984,-0.241245608797613,-0.0750264093587455,-0.0219198212566604,-0.219601143838945,-0.572649408251294,0.0274840128653554,0.164512225534767,-0.226566550660361,-0.144128316258439,-0.0157354982423131,-0.112717542012584,-0.10232165727444,-0.235070960502232,-0.359207685904661,-0.324318908735997,-0.0647460081620345,0.137860042416942,-0.255868391649093,-0.00339697780046672,-0.115473812039062,-0.267856654204326,-0.459894611777847,-0.50548050384246,-0.256252894378537,-0.323006060513204,-0.254715580584101,-0.277725391769817,-0.230677468270966,-0.117798487812851,-0.204016570068888,-0.482045066371,-0.451475814601448,-0.300800437385867,-0.643452857512997,-0.761493035302032,-0.605126039641547,-0.549412315751372,-0.253966077797499,-0.242294508229506,-0.261759913863513,-0.304303339012111,-0.25503934047468,-0.509651691455588,-0.661940383166957,-0.679704329929848,-0.714667268754328,-0.581301553502532,-0.460619913008533,-0.510363564633103,-0.510151112578064,-0.691547880934841,-0.589338040977967,-0.774522712652777,-0.969130379875771,-0.821121638180749,-0.860838726903456,-0.852812406051337,-0.750874422120704,-0.496421893352012
0.212518527599578,-0.0790881222804038,-0.0929020678016738,-0.321650892105436,-0.161889099378646,-0.0736241534245023,0.0217025325331049,-0.0809624594307688,0.170049748814321,0.0276822870920484,0.110099972658532,0.0448083488705222,-0.0587170108205767,0.0213532984210264,-0.0395309049387441,0.00855697433228925,0.191818113862244,-0.0228560314764384,0.115987178410072,0.129216394032358,0.0900986262878554,-0.0413175227006355,-0.0610222506580617,0.180302592065265,0.0151569246910063,-0.0199210096888645,-0.0368161255639948,0.100936438617676,0.0211808446465637,-0.115776682545403,0.0127632228534931,0.0137703548157811,-0.135322756221284,-0.030339969931258,-0.130215372545362,-0.236451046932391,-0.0372379271649691,-0.0313750572319487,0.0598081958563246,-0.237496585292429,-0.0568194378131127,-0.105474875480557,0.00115025228736836,0.0988342150117951,-0.152281267918667,0.0293009127155092,-0.00917841928554116,-0.0139675996364626,0.075444128422935,-0.0319842689945029,-0.0724981259996608,-0.0049609516448889,0.116181874589733,-0.00769765203670491,0.0686055898202628,0.0570391867208839,0.00500552042432137,0.135308330111714,-0.0454775625523323,-0.0977908210816193,0.0456476138213887,0.126257889557796,0.0336680776873131,-0.0893980585374151,-0.000545825075682366,-0.0102758030353277,-0.0872996962308806,0.0233105577644505,-0.261330986003828,-0.0462292653676948,-0.147489718069246,0.0601610396807295,-0.0177335633622022,-0.109353724209333,0.0237556890181024,-0.131351103515524,-0.106182332478292,-0.137573694950526,-0.0915173956505524,-0.0216462700827781,-0.106688201312098,-0.0970490016763236,-0.368733257516037,-0.0873859179602517,0.0212353449902316,-0.0172632403973319,-0.153246276228295,-0.19015056604507,-0.132850757103402,-0.187461591896074,-0.17705189751076,-0.0460462288487592,-0.110512072501751,-0.122467698999793,-0.0778575844649841,-0.245952274863627
0.171151317665067,-0.248179911865418,0.00366916968050793,-0.271556526536037,-0.282403678876685,0.139898286558265,-0.105728484012287,-0.156443336099456,0.223708823071198,0.469031457263028,0.370327542384285,0.24005674256147,0.177252236747643,-0.185349231799275,-0.154122604479103,0.0953744591171435,-0.00554687180105827,0.0604616214278218,0.186838954172657,0.0919305615087994,0.0954554839114197,0.0852607313170097,0.16142303076119,-0.351146148486517,-0.336130483335245,-0.288878087579685,-0.113493234131466,0.120651132070021,0.20896584598322,0.138793310686524,-0.0417169287184894,-0.235833364096459,-0.334277379937978,-0.100826908229045,0.0202101840327361,-0.0132472214617749,0.064361496394028,-0.143594900610345,-0.0705047227424569,-0.124016595986477,-0.484302813499058,-0.455395271807367,0.0892227614344991,0.112592410460993,-0.231484455273505,-0.0551158543809141,-0.258956866856735,-0.121904212471105,-0.00302159728884628,-0.304662814354064,-0.567248136562502,-0.30579241254008,-0.0574404342107272,-0.165422268524622,-0.221519565616232,-0.164117315989546,-0.115692876294536,-0.0856990336293449,-0.419756247569181,-0.190055520587916,-0.350156322819482,-0.420604879815665,-0.490997396347328,-0.217204120284165,-0.217369478079216,-0.0823822476288543,-0.119335655175778,-0.625425744015016,-0.445584284087778,-0.258868396937508,-0.413208493530623,-0.976251241332474,-0.709592962930579,-0.479777695506972,-0.284987273268589,-0.200924096567245,-0.285261651026124,-0.472513061406545,-0.45331767169864,-0.619137192564861,-0.728258283005761,-0.631639221711838,-0.702266000587715,-0.778767584011716,-0.551878264832288,-0.543065247171365,-0.632012321311953,-0.698353646875538,-0.751798933935331,-0.958732596546499,-0.760338497866745,-0.818933389405167,-0.938300499308269,-0.872565150118592,-0.845132475151961,-0.618391638229002
0.0199835327139792,0.0863169981694436,-0.207349464438509,-0.437309360388225,-0.417448496155973,-0.0334888593876654,0.00939726014165257,-0.0671171282115506,0.0621451515105973,0.493633568583518,0.48978601793107,0.124661595699501,-0.113002389392955,0.0118302905600906,0.0623862334132402,-0.0336174583746091,-0.0043650190860713,0.134191084290888,0.03248745557451,0.117631869343558,0.0414998284155437,0.107046145439037,0.0763669649370957,-0.0941065572112499,-0.390532325648273,-0.261412043762402,-0.246163820081206,-0.0953081584135853,0.146094851730974,0.406691591423141,-0.126777074395511,-0.245707225229279,-0.252998612662238,-0.266230700604178,-0.0837952373206471,0.17625662588384,-0.0621701670570148,-0.0803447557380527,-0.04455810930375,-0.0336013203228914,-0.293787192738801,-0.283249583927214,0.0202971635875186,-0.0563933518748489,-0.135625776619254,0.0228347564525772,-0.129064892643396,-0.258973214496216,-0.0323766914631084,-0.091630671064161,-0.41770198649884,-0.415830592688658,-0.105486150524112,-0.0875897557558401,-0.101478889287154,0.0746001142029458,0.0046026555020172,-0.147194201891405,-0.336417098143686,-0.377652021468297,-0.370988527282609,-0.51953009608571,-0.414128290423289,-0.416544294037791,-0.116500772053069,-0.120443395692855,-0.605417559986854,-0.591961285737346,-0.557527292262938,-0.468884980538306,-0.446882005179151,-0.893313764048076,-0.620376384041709,-0.543560230497375,-0.263411236009534,-0.18072450730723,-0.241904031558354,-0.417534829969021,-0.249326625775994,-0.471727659221041,-0.586098608760009,-0.740656115913647,-0.503720583069682,-0.617415918942788,-0.63959613774415,-0.435122177459939,-0.508090750048475,-0.524809843798932,-0.842929427334342,-0.922571776221575,-0.814359677052978,-0.891573358600229,-0.838609001207977,-0.898681748719684,-0.756048908387678,-0.794363811060697
-0.0390390011665995,0.110983975076759,0.243227773616356,0.372611571597689,0.154307387374407,-0.0272092077900201,-0.0675798359631528,0.101509020281749,-0.221837508921151,-0.635730082182858,-0.311946146070669,-0.126777131968547,-0.207367081681525,0.147668964770166,-0.071891626270923,0.00645553420174136,-0.0548041325441078,-0.000222573063737422,-0.0695961472783056,-0.14181521147881,-0.147990377086225,-0.0340521818715918,-0.00164302453698405,0.147151286772592,0.548063639434026,0.271545126673656,0.199626663669714,-0.0834709211757978,-0.141545061515801,-0.451020536077714,-0.161149628326471,0.358182489121838,0.408134170653127,0.304712811833214,0.0493343736741734,0.00923702576285859,0.154632273235012,0.260900245450283,0.00854992039182053,0.175353755537795,0.522362311950696,0.493246273186932,0.13582869244444,0.0553209693333312,0.279186878239039,0.305512968155606,0.243473139011464,0.266278880983219,-0.144662919376379,0.558691879661566,0.652031873654314,0.334149371451076,0.0618559641622479,0.0796974156634525,0.412070363444612,-0.00274113750108846,-0.0273506978454489,0.217839635333582,0.563580433357369,0.550605791103584,0.423366044973103,0.302649475353546,0.47241765304429,0.576637663340899,0.249118188564883,0.0902844060379137,0.415592073665136,0.570035321852225,0.375499681483922,0.148056435890913,0.443513674300262,0.788214323387267,0.96997155256078,0.53323055152023,0.332964738305138,0.141620263809853,-0.0271930583213279,0.356341498319635,0.429934526968626,0.462254265745394,0.56001517233522,0.845275712794403,0.659027924571789,0.595824958165913,0.51279909724338,0.57245846239505,0.561376233545432,0.704357012500238,0.778544905251458,0.894688038194271,0.898974977323328,1.03463571920092,0.929036809956085,0.93038291606977,0.862758852940548,0.780202684254462
0.0201882578758598,-0.00629724393536474,-0.365325964263546,-0.829926543040023,-0.798911432659329,0.0381458687254957,0.187073687715327,-0.331902332581939,0.222403695218928,1.21374931355918,1.05973083578792,0.589852866463308,0.174164463352243,-0.181664738651284,-0.19414218406195,0.111871790222519,0.621789389608616,0.221383449511491,0.290025256644465,0.204634990472261,0.297085358403632,0.469165574964648,0.105906960186026,-0.854958054440608,-0.866494250592906,-0.815073735144912,-0.501768596095291,0.012921704219649,0.596603966996789,0.700451331780573,0.388692423213811,-0.686643052356856,-0.884863974432663,-0.551165039979391,-0.127490882995915,-0.0603433911651406,-0.0362396214745045,-0.422890302515046,0.13787114631167,-0.427962405881905,-1.13043169106683,-1.17811535667831,-0.0551834242451317,0.106528798412309,-0.500233755525389,-0.0892535599338775,-0.454877303868855,-0.460503531029347,-0.167047967955063,-0.81846054442617,-1.61420849404843,-1.01623893153748,-0.0107230001813984,-0.116080393907217,-0.513918543010294,-0.0493199170587885,0.0920341717422625,-0.309057967694474,-1.2994100229002,-1.31121423126431,-0.875493693242583,-1.11227385220887,-1.13506931760639,-1.08859147333588,-0.710995421174647,0.0578006574835743,-0.694033443372604,-1.56316258848395,-1.32836587051495,-0.857654290812245,-1.27968400016501,-2.09439567649304,-1.89132238038817,-0.947858845469957,-0.66485011922721,-0.785923762748199,-0.455184115229411,-0.997964998233908,-0.85118437761594,-1.27636870033367,-1.7077320208005,-1.66703839458483,-1.90049710782313,-1.64308540513446,-1.20548304030193,-1.39600870702992,-1.6681453413417,-1.82959722561587,-2.16568659409553,-2.54974410498326,-2.3233242736197,-2.32878802915567,-2.42939403504434,-2.33219974843954,-2.12362539886699,-1.5370100057529
-0.116518197545314,-0.161714353110417,-0.0529091922348863,-0.0768669163445145,0.0905055258572294,0.136570700598537,0.0385947575592056,0.0943885547334234,0.260650691541918,-0.0076254175097695,-0.0660475805852803,-0.0568284221182852,-0.0558300038285068,0.053957687076959,0.136232017337229,-0.042771933024933,0.0503188556970749,-0.0847807257647038,-0.0881979748796252,-0.018992883295043,-0.123200381004344,0.0614823829286295,0.0557709827879006,0.00740974197867872,0.0404480596803061,-0.034946078518192,0.183916479634027,0.170253800469194,-0.141013725975892,0.0750139366748366,0.0941896449339577,-0.0458948801112602,0.0145761838632644,-0.0341375229219344,-0.106786206472518,0.0135989380546351,-0.117993965440843,0.0846470059709612,-0.113724415077974,0.135219401903866,0.104186729508103,0.0101869619192829,-0.115723645702509,0.000746037197447774,-0.0938294380692735,-0.066655605496466,-0.0405061807105491,0.039216950184613,-0.128863420784018,0.0456491608774692,-0.109589623652094,0.113680391065598,-0.206636826353104,-0.0967184348908238,0.0421532981251401,-0.00310315575567404,0.0792409705673889,-0.00754621826203777,-0.0153758646596469,-0.242651217318209,-0.0472637676645907,-0.0280566652334103,-0.111610507999254,-0.0661900171756394,0.0292107850626221,0.0694983388491803,-0.0158238367339719,-0.0631965119437004,-0.0316197209040886,-0.00141209859368413,-0.145880890540596,-0.0917016752006428,0.16749476334928,-0.0631002674133011,-0.101065829610107,0.0463069358032159,-0.0990266664016686,-0.242320210780557,-0.112794215147781,-0.0658512342485235,-0.0417078361227554,-0.027925939187519,-0.0517415229420554,-0.25143169191833,-0.131427961478469,-0.193847074710649,0.0610538370108916,0.186118284217244,-0.115313765374405,-0.0344818173285336,-0.210257048523923,-0.0970347715653015,-0.0021453477465387,-0.0568860282844021,0.0763986417713233,-0.0845934118416262
0.392974893406381,0.00334605408971,-0.393687747563612,-0.670787157071207,-0.75763640709593,0.173577464974013,0.0825969201377836,-0.115957892833883,0.31898342841053,1.12319060502243,0.913632854623746,0.427125518250681,0.189047949228897,-0.162852470774371,-0.0733354088182718,0.251815723648485,0.360749942963306,0.149662522972035,0.260272309507769,-0.0246877036010269,0.241404520988677,0.423386041879733,0.368572469345769,-0.511217295821876,-0.89830634334144,-0.855529734225389,-0.557136149298163,0.208910906767171,0.466939109468904,0.70479100814942,0.240365214651521,-0.879456149942535,-0.945188224601204,-0.562367439807897,-0.215178976670948,0.0302575069393549,-0.476011198716348,-0.180038183402827,0.00840290703412452,-0.11757135375741,-1.15871940644285,-1.10658730766381,-0.147459119007827,-0.170628185701521,-0.447514276067467,-0.292359494938018,-0.567326637213703,-0.42727276364289,-0.265211494406464,-0.536870101731042,-1.30955541483927,-0.998611721231079,-0.256419547575249,-0.298392218605638,-0.404544999175341,-0.0799241516901874,-0.0889787558924321,-0.384205412847774,-1.10288421253251,-1.28055510960167,-0.900045938489628,-0.904331757983651,-1.13608537041574,-0.861785105600353,-0.495668423140769,0.0107167393002008,-0.745237784682573,-1.50061167031148,-1.36831195341309,-0.787699264017827,-1.34479281740797,-2.0014424036148,-1.69689653002906,-1.08900173718474,-0.705069850966515,-0.647954773340066,-0.36767096452376,-0.724743387390718,-0.851642027934778,-1.07416527204672,-1.47112922327235,-1.66145112735769,-1.61283674236116,-1.68393675614417,-1.14724321674997,-1.17862596702933,-1.6525213989722,-1.52290176509967,-1.96750585457723,-2.45103791632817,-1.95991897513734,-2.3680591022329,-2.0251736730837,-2.18912625190499,-2.05482437742873,-1.48144482276969
0.104142435736596,-0.0371537268635786,0.208505913858804,0.500522784304163,0.394689677944463,-0.160294929515654,-0.122618747617408,-0.00539757903502747,-0.0191072595526889,-0.417772247010504,-0.704666550130226,-0.283112904089253,0.0118449866206106,0.127959369674893,-0.0411647438798562,-0.070438808613807,-0.0855323438422595,-0.0647188033972645,-0.00233680460160476,0.0360841603018188,-0.0457420024109944,-0.110874964010943,-0.156022668773651,0.359825886658436,0.420547864007871,0.526040593079562,0.236893725547299,-0.0503443872462383,-0.172994485073425,-0.343702720028756,-0.174569848970516,0.387832219331101,0.502452437350531,0.374809547346537,-0.0704804239068171,0.155292066461134,0.151445251271331,-0.0271610911422204,0.0301779180196214,0.128743346076256,0.586072089198565,0.31667906793165,0.141223774235662,0.0442392941524945,0.240141168159726,0.0549485564249537,0.304321810845256,0.144826082094391,0.0899380785464466,0.357690333806659,0.858694377780194,0.337876046245913,0.0287952254801145,0.085802034020114,0.0788878068604724,-0.0856050481492389,-0.0676971313536564,0.153097332094929,0.697397796408166,0.609042810627025,0.525900796508261,0.679471382893781,0.673667778591468,0.569879742533971,0.321210813379793,0.112078828034939,0.395056211746216,0.868428436551646,0.616357111697329,0.637921510667696,0.779832701817265,1.01187454221627,1.18232849685531,0.640304184702349,0.337327525005204,0.328915127875107,0.337063197845308,0.241260133652468,0.613867792201102,0.467361375263645,0.895661770624071,0.724442787475583,0.953380685154239,0.896905680232764,0.64373005212092,0.605730267638507,0.691063725610909,0.861229856840632,1.04745625130838,1.18919402356446,1.15225683440485,1.21914804447177,1.28810220086271,1.27203996875043,1.14931625810565,0.872714222023765
0.128310256756111,-0.0330668814378879,-0.269465625011066,-0.634196665417125,-0.684186923215232,0.253326761692094,-0.0169253979570729,-0.229236873825,0.324284743082554,1.18048707571622,1.12685131412751,0.395379726599592,0.191092554869254,-0.219996519776678,-0.127798551887701,0.282187114022181,0.303539016485846,0.143164311931664,0.195155384942758,0.164570255329107,0.464629313325394,0.543933142907338,-0.0441432394786442,-0.597884693063047,-0.856043349096982,-0.880161831878687,-0.273173562253281,0.106853427146926,0.369261745712526,0.481101642649278,0.0711748673698477,-0.55793053498924,-0.794675673290227,-0.497782486912199,-0.440275606476929,-0.13618018713502,-0.162948287882422,-0.276076896152535,-0.000410878510852368,-0.179838176890244,-1.06552499933948,-1.11335858361662,-0.0910230369226809,-0.0536791774981246,-0.496762604459522,-0.232328483943912,-0.326558063582008,-0.308781939060775,-0.162363793920124,-0.588231012349265,-1.05736999520856,-0.921946768591981,-0.26180958454425,-0.362829118973055,-0.46971696567579,0.0116099940907554,0.045320145736628,-0.0419457407694119,-0.898661818094741,-1.02610724346056,-0.611174149283755,-0.759219611053109,-1.14671914671563,-0.975472874801489,-0.74970662118678,0.112135649760741,-0.601589492961281,-1.31090073869236,-1.05617474639656,-0.667826698346694,-1.1742786080327,-1.74815982861178,-1.57096105025549,-0.975397990355294,-0.502915736034191,-0.47616889355613,-0.364785692001924,-0.80774853258607,-0.733488368589881,-0.857493791047992,-1.26277553618715,-1.53609466820436,-1.57275279432251,-1.56099860104809,-1.17015698161145,-1.14648036627709,-1.56927470994371,-1.44149872224217,-1.8828503855827,-2.10771933548317,-1.87354203778496,-2.00877297700932,-1.98110698506435,-2.12573727811413,-1.8023197952357,-1.29443523673667
-0.0271734098888827,0.283958390935207,0.403652093037376,1.03398779594015,0.887582388964734,-0.156553080895269,-0.373572900313364,0.290242270025767,-0.22916288760264,-1.37123909393261,-1.24666483623331,-0.48802870075323,-0.21103887773296,0.441226722120737,0.180987042441652,-0.212437925073787,-0.212415418870307,-0.272955602533209,-0.243971565604616,-0.194455741510447,-0.51544135628769,-0.642258548896942,-0.366080258354656,0.881445866919082,1.01398256605307,0.989935255356639,0.614021823321343,-0.265078084134951,-0.38115311013998,-0.895387274634196,-0.329808391413906,0.705676277025537,1.0141514514264,0.634677524059011,0.338500982995938,-0.0539334591512239,0.245661718576069,0.407431257011708,0.0577437372936313,0.450181766727092,1.24905577363657,1.61511739268138,0.0273080413258391,0.246990373813512,0.803042580636214,0.533592399851899,0.619117805578201,0.689218328535614,0.148067100959553,0.900246118681892,1.71872593699767,1.06073217983309,0.203215780878832,0.193988410901289,0.708697375544568,-0.0185451970307696,0.0258112599723023,0.544316710319858,1.28562437971084,1.60926366237169,0.995338493338132,1.55169519215912,1.51375976714765,1.20495507615621,0.89165388304856,-0.0431040929585533,0.889205422510433,2.0052178959171,1.66499024864913,0.875285967270247,1.5296061991747,2.56730307219136,2.35151804149663,1.32616298357895,0.777942030905036,0.715063158504029,0.635119814638838,0.907706933901508,1.20010601243067,1.21242194411511,1.79401272305655,2.43777635866,2.16747788187131,2.15685248814526,1.53355976564726,1.64996607098016,2.14658157527108,2.1185466232161,2.55393315196589,3.12742310695717,2.48474872096534,3.11232236590419,2.86892825824998,2.90454904157926,2.9163808260083,2.08706223467355
0.0126610803597167,0.0734630716159065,0.00552071058203702,-0.118334516264181,0.0835841861853395,0.0801094637927388,-0.0122476378668802,-0.295177860022954,-0.12745642195867,-0.196413654304713,0.055564055363662,-0.228716047514553,0.0290439227296093,-0.027190536399497,0.0102079257344389,0.0848709425540176,0.117741060158163,-0.00704954730228517,-0.141915132072608,0.173337736153385,0.0522733889413548,-0.0682896292589243,0.071569432714395,-0.062920023902388,0.0946719827876393,-0.102948874914908,-0.124700094106312,0.0608635641857215,0.0827607660924859,-0.0410302226607981,-0.233140339309393,0.0193241331717704,0.0210975383668691,0.00854225237079277,0.0630031467490454,-0.0935481585269618,0.0121250262619642,0.0659330198991017,-0.089948451211706,0.0471939071148092,0.235803038579705,-0.0533577729250469,0.0541851282300225,-0.187462364205162,0.0167635242392559,-0.143149559404483,0.0369473692077176,-0.0528195406000077,-0.0583356389572659,0.0202707015380827,0.0368773824669087,-0.0675967161840215,-0.0260676411431675,0.122059314339544,-0.0811846358282657,0.00430754080463339,-0.0304102915818634,0.12402926917656,0.0204603665379285,0.0961966095655948,-0.0527239139673125,-0.154025235688119,0.206030617165611,0.0250384298800915,0.0853304336846498,-0.0151055262692444,0.165266965351564,0.202898443932749,-0.015307371330525,-0.0428837104040436,0.235675187457877,0.242802576208317,0.00698654477537623,0.00621712706044138,0.00412302722450948,-0.158192477820816,0.0118870825834469,0.0313335304200351,0.114962808071073,0.103666611544228,0.00239795700685892,0.401681641515786,-0.12349512045364,0.170151763434826,-0.00664309708557663,-0.133438210867723,0.149283712657897,0.0334326434053612,0.287055157501502,0.157268692219978,0.0490662003945542,0.0795486703516484,0.287102696397783,-0.0340575812373847,0.146774159336067,0.157534135145641
0.0350923567524254,0.0965829211008868,-0.0203139625776535,0.121352988417505,0.144403515370665,-0.0174570509659703,-0.0675372734001624,0.0272320393517125,-0.157222356639854,-0.163632280382751,-0.0232201607406232,-0.230496702450069,0.0202335840137182,0.0258801253318364,0.0797879427465625,0.0338551474087657,-0.110154791076976,0.130901311795756,-0.102733626739155,-0.0673810947295657,-0.0215288891660683,-0.0799345796290308,-0.0936788262098999,0.0692463560610374,0.0782871456752973,0.0909718494292814,0.115297553438234,-0.189900376550415,-0.0546677544405815,0.125859128576327,-0.0505689488259491,0.0907003185806385,0.201375325383611,0.091428054108571,0.16995966605267,0.112133190789486,0.148455280547356,-0.0304431878380731,0.0801304625106551,0.0420058054557566,0.243494881177839,0.178923372974212,0.0684227059162898,0.00455387620037064,-0.0212959950329394,-0.0442160336002094,-0.0293053321380492,0.23398228201774,-0.108011662134795,0.0443220627156911,0.160417400993605,0.0480071549627332,0.0550848580556373,0.105878548071314,0.0341923053442011,0.0186363338140508,-0.0468498743038963,-0.0140930166373468,0.285856201645204,0.0984162705519166,0.157660257571086,0.22687151527374,-0.0205537976059648,0.190780703295496,0.161390144207787,-0.0867639182588096,0.127448326710776,0.332357093308907,0.34395511949053,0.155264597266841,0.243983200263513,0.436078731135685,0.305436937900389,0.0187662422146545,-0.0447559049297142,0.113773169683015,0.155521050436274,0.114139620838993,0.144372025442224,0.295474108943451,0.19059339065557,0.348866090100604,0.468026563534912,0.153117441280623,0.047201876554002,0.233565103685355,0.382167294469608,0.11313349315437,0.404845968184113,0.373930684007697,0.363658654006905,0.339954582280859,0.569870722722958,0.30566651246692,0.241476409427372,0.351252892339479
0.181070884012014,-0.00030044621757374,-0.0786585153722627,0.729847453501502,0.38797110451658,-0.0575966921961647,-0.0391151837107452,0.28168233214997,-0.110668583344639,-0.493320192403101,-0.533632789896267,-0.287524430526218,-0.235025735653863,0.135920817586262,0.0837454432678601,0.0910523662022906,-0.216768161835648,-0.131509799977479,-0.0795204925369491,-0.230890632534917,-0.155644116113343,-0.292896926870789,-0.0607929415010087,0.192692810635334,0.424019312940183,0.313191703649477,0.155863632832225,-0.227161201083017,-0.234682633336134,-0.328513485130038,-0.195097232349696,0.182196996828573,0.430425779228914,0.428183401553728,0.0930727713815498,0.0232750862277773,0.0655361184893938,0.204722911180846,0.0155782899171657,0.132960596405928,0.346151740470919,0.529000994931662,-0.118782378155258,0.138732206710493,0.0297416841077625,0.0337262227769011,0.110881657037818,0.0494856278124182,0.0761497813544667,0.406773209055608,0.691443247594811,0.54493976026621,-0.0331589576933688,0.21394735482017,0.199923280087814,0.16412965694809,0.019836249409484,0.128756453425801,0.488578380874264,0.588258798718045,0.541096227622524,0.608104030903687,0.665595632966738,0.636041316598077,0.315181282103353,0.0202571406067661,0.41970891759646,0.633091500488793,0.600254105249937,0.318435300031689,0.674846937823405,1.01521566987608,0.978455586955085,0.646846313708423,0.350430154637483,0.204136472210422,0.215989945418905,0.204591317586824,0.38083171369585,0.740709442677108,0.850510568931931,0.965072416130822,0.936215083219475,0.832176046206715,0.510197162309641,0.489929824373511,0.673593638758508,0.776540709435812,0.920343446496869,1.16429216103199,0.865734556715383,1.16712811091637,1.17569101593977,1.19119246556627,1.0906556982631,0.914551339568067
0.116154255480204,0.0786553444772836,0.194980449600138,0.579981611042309,0.220019885900569,-0.0357953287727005,-0.120766502189338,0.325960429500055,-0.0748441441804415,-0.796129156198427,-0.598305376693485,-0.296684199546737,-0.0149711063719189,0.0922468002201502,0.148278004479106,-0.132020935837613,-0.103689285500779,-0.207460388743817,0.0490615350632533,-0.00112824677239719,-0.0667750314957848,-0.309014268933809,-0.0548544723990262,0.324419003167963,0.437752223922366,0.609621755283257,0.154154216262172,-0.165666083221107,-0.429341927735834,-0.361545721298433,-0.282987113925565,0.382227957807902,0.494907312658311,0.108653426554574,0.163850704676246,-0.255314460570701,0.103676469649314,0.223099178473514,-0.0327450811215218,0.300162411995742,0.674565061251191,0.699898114655607,0.285719393633247,0.0767868817680328,0.411067839426798,0.095742899107522,0.4150175541012,0.191063758561013,0.103243123425357,0.175673294781504,0.609215382853385,0.664490671513791,0.0457292971513125,0.323938725117382,0.277610151069565,-0.109156383214559,0.185130480816044,-0.0119359229556506,0.622737030447891,0.875600610992373,0.474472117245277,0.731301728885025,0.738811649222149,0.460412216975552,0.373938641849927,-0.188512462709509,0.799196695810295,0.996039550886962,0.814391760704737,0.411650934613327,0.64649869816489,1.21367388858335,0.93064643707345,0.772145310886593,0.553534129723037,0.16736600771967,0.362983207447301,0.494607445737964,0.583824783384397,0.542087621659664,1.00670556849959,1.12733597399181,0.948787642797478,0.952963453086141,0.662238072742885,0.784432319776617,0.888432870756059,0.905236912376257,1.11851392937096,1.43929802185444,1.16314858718934,1.55887265238346,1.26154150037204,1.51362340699909,1.38138551218642,1.08794055137776
-0.0131591187255536,0.169544362956299,0.194210023924837,0.475052834508317,0.413047653223138,-0.12187302326813,-0.0164132884957095,0.147440860442745,-0.130250688210341,-0.569569520293897,-0.578874986919011,-0.13174037375848,-0.0148886071171122,0.0651984868868289,-0.196081445066486,-0.226576498825589,0.0106956017502651,0.0438634974592772,-0.129989554400964,0.0424173403285779,-0.145091785010662,-0.0530232714381076,-0.273728874118544,0.197517824886884,0.462339664179142,0.469146355719598,0.373536349580808,0.119136012596508,-0.160066705664083,-0.27278479379942,-0.126613162296652,0.322127322858272,0.410753359727714,0.156041109804584,0.123791118167785,-0.0866757827870183,0.0763308958396465,0.0334275736224233,-0.0372166426062854,0.142220009873315,0.476516132632161,0.540481357392921,0.210202514932637,0.167416258224161,0.114085680665725,-0.0231153338668633,0.323966314975514,0.260363162333505,0.09269882109865,0.390352459083123,0.491483753414732,0.420091986609738,-0.00789041133928603,0.191454040814697,0.176276244311594,-0.121377365228012,-0.0519965255471458,0.0200173832579674,0.303248286130136,0.711795676151559,0.5152016697497,0.390093565710158,0.304186765194833,0.345837194054282,0.208944141613433,0.034157839878785,0.267992228351029,0.632068491960176,0.637055050552854,0.269333992790512,0.539117117364946,0.80244955005178,0.742858150276244,0.46329121465599,0.247852373238698,0.396930757511234,0.151389315451315,0.384285842222937,0.376650130615631,0.524351359025311,0.744823620536624,0.617224126301304,0.623885297278725,0.564892693088514,0.515906005376263,0.672043771280578,0.666845690162136,0.717152382001025,0.984345409075743,0.989299857269451,0.977670914292533,0.77601053004959,0.907698866038318,0.951066350178309,0.903954470159933,0.858480650200296
-0.151622752867709,-0.0322237727295404,-0.291803690810351,-0.919259328026051,-0.681393385349648,0.17438521568989,0.136177539447927,-0.248648225435212,0.264882178308945,1.13001437295707,0.913960664018484,0.256937554505082,0.0777594789650731,-0.517842112668912,-0.220425177444534,0.0457441408882399,0.240067955569927,0.283868428288574,0.373604845401432,0.0785686858162947,0.407670648514767,0.407469112071507,0.116123528290259,-0.563740461203363,-0.884447786383286,-0.801374760795873,-0.386604494562472,0.113601093030017,0.321019899844305,0.76197843463097,0.421571758797785,-0.649819423202,-0.71685789374728,-0.649494999776867,-0.257859851922846,0.00889332812344625,-0.248707488561446,-0.378840371390653,0.0857960693015467,-0.404324481512337,-1.09093248429734,-1.14157240854486,-0.166656961121353,-0.10299865894158,-0.600614818501566,-0.374311360907241,-0.505911621985125,-0.595527365396642,-0.286503218779218,-0.733466518170834,-1.42933147991732,-0.941360755890911,-0.127032744053444,-0.359411148483307,-0.616289681031189,-0.0760598218578705,-0.0638722632451437,-0.332991078108557,-1.08911120646037,-1.25202848753888,-0.852596483863512,-1.22868229782978,-1.04198238215476,-1.16745667964919,-0.710267724830323,-0.0333654231206101,-0.906074762507441,-1.29264272386492,-1.40890762701913,-0.775351462325699,-1.41188424637241,-2.14993503908219,-1.76429521982464,-0.973439972271769,-0.67470673857967,-0.433947308548574,-0.425132457807053,-0.837929331010477,-1.01959924271995,-1.234688039453,-1.49811907415534,-1.89755617388627,-1.75499841977067,-1.51462110537335,-1.12335463492281,-1.30887856271033,-1.57107252065306,-1.48408251032883,-2.07102515616042,-2.19871742702585,-2.01654473610517,-2.40029297597783,-2.35148239993934,-2.34398889165514,-2.25060467744852,-1.69894564783373
0.0387090484834636,-0.0871284880241119,-0.281566337852284,-0.444577435136591,-0.32023078304064,0.240392359627336,0.101048449279424,-0.163459028176041,0.158650665391561,0.838120573719792,0.814747146463877,0.366944554268095,0.145379528810081,-0.0923912325871367,-0.0103441442259237,0.00198845506036166,0.30168250504869,0.0880356107919033,-0.0437718808435904,0.107673816949302,0.101239527664051,0.354961574578283,0.118006384428045,-0.537283340059302,-0.409168194815952,-0.688277279218066,-0.442264333895743,-0.00356843742610528,0.116238849178188,0.477382438168297,0.275683717736733,-0.423480085779416,-0.633107550439256,-0.381207488667271,-0.171949786978809,-0.0791401775027234,-0.231890468966494,-0.176425925138938,0.154537161245798,-0.189229239775064,-0.694474582799102,-0.859364669093506,-0.241399179125099,-0.208743195721043,-0.513878269726521,-0.381317941805937,-0.573224375033897,-0.454833776993285,-0.211642435989132,-0.632354563823484,-0.867656594723783,-0.912644732569475,-0.0692542370271345,-0.0352362766286847,-0.488376336713846,0.0155823023970566,0.0186304630575901,-0.284065411455245,-0.741699311380815,-0.786814274307109,-0.483484267478481,-0.715707142206666,-1.0289518957397,-0.928721345033238,-0.501478406972031,0.00590877767038681,-0.373694476478015,-0.968866920948165,-0.814196698118292,-0.602806491406159,-0.931571347609534,-1.63403486865437,-1.21702697299533,-0.78309898724389,-0.364813812212152,-0.298982609834124,-0.494753118677094,-0.581402739588892,-0.751941180396722,-0.737051531166601,-0.913926246701062,-1.3697524760994,-1.25934806857595,-1.23389411687692,-0.759429657615415,-0.997163326685677,-1.10002747589323,-0.999205732328695,-1.52275654732148,-1.66600198874677,-1.55304381653382,-1.8655555449015,-1.63803859215682,-1.75440613300425,-1.47618725665204,-1.22769179114383
-0.0261482900164364,-0.159653896103521,-0.740573467781211,-1.67740752947097,-1.32387193084807,0.336428053533234,0.356183667045442,-0.693399681992795,0.724723145764783,2.34442630373075,2.20271705568842,1.16838631955768,0.261376791161048,-0.448222198764389,-0.313508699583622,0.630945235377107,0.666896591523168,0.342152651035766,0.533941720179193,0.291175502603246,0.684600214003277,0.986944459994353,0.285955538235889,-1.41392183340395,-1.8440577174828,-1.83630074103562,-0.75994289464657,0.297154168950412,0.787289193381812,1.31628610251565,0.595459550542676,-1.67638325899572,-1.87392357609694,-1.24769402560813,-0.648080436705949,-0.137065147861133,-0.495428931221397,-0.877366049334707,-0.0510928994473879,-0.659331325716025,-2.27877169908356,-2.64841588173555,-0.430381533432837,-0.187578490061075,-1.25459603546261,-0.594206129004981,-1.20604966768394,-0.812368811769646,-0.386153444721456,-1.4296854249666,-2.78697978577181,-1.9747025597148,-0.297162407812233,-0.683184427490655,-1.26225986739405,-0.155769090258441,-0.17249177157932,-0.738454547701873,-2.32844961326411,-2.38862910729689,-1.79030277399879,-2.35347723367098,-2.39674410829471,-2.04883403742727,-1.14113087691159,0.0177897476558471,-1.69763339868217,-2.9544116362773,-2.74655176821484,-1.46405555798082,-2.68446941664529,-4.20993555088291,-3.7346099639416,-2.28480211908274,-1.51412431155331,-1.10853373683791,-0.972716780477098,-1.69144658296519,-1.85423064941539,-2.39326620643802,-3.14334094354322,-3.80294614245679,-3.47792446849435,-3.47480145585101,-2.57052684923211,-2.60116747856075,-3.30228344244161,-3.3775248127243,-4.03973891233484,-4.7156686226982,-4.26753212349385,-5.14200743375025,-4.594861832451,-4.82502990822513,-4.68639412821019,-3.63045637655288
0.0335019809723458,-0.162913373920133,0.230038261499947,0.0409059490423992,0.264584335612842,-0.0389361373539082,-0.0781037217685006,0.0215729931970496,-0.0433161478308084,-0.0884532661471274,-0.159829830297404,-0.00571110678470584,0.153483104084885,-0.00167635973445617,0.117633942493534,0.214789054239299,-0.128483556783157,-0.0368751262948522,-0.0149783372489783,0.0116682510400128,-0.0425701896583329,-0.233034791699161,-0.0874126890570659,0.0142175508247401,0.216563304981813,0.284299036111748,0.0676005557381318,0.0101568722973357,-0.0869981578398627,-0.0475673388491541,-0.101485715720721,0.034167940473051,0.0127192559833623,-0.054852939281965,0.093584787700833,0.0366535383345519,-0.00574254708522218,0.167867429687524,-0.0353667331475769,0.1469927325349,0.139953194299606,0.208620086415437,0.113944136007676,-0.0624943532038738,0.138353226345764,0.0379824834130165,0.135648580191672,0.118058791396215,0.0773677120951431,0.0966367694230704,0.230686544890362,0.162521353566081,-0.133586301645089,0.101948369915451,-0.0839477499862683,0.170855225423947,-0.0868620625747832,0.0592061195680404,0.0834723659633315,0.303590819147457,-0.0512417664485093,-0.0532420099479473,0.268449240559401,0.170340133902301,0.109068192869391,0.0740757994917973,0.161141271913081,0.0482094162184116,0.146950226609277,0.199062989170024,0.0388601853091443,0.167202275498197,0.21456058739049,0.31712394987811,-0.00868350872594495,0.122147339692703,0.000170135559763016,0.0961169623328132,0.197033823997344,0.119169431502725,0.138826504568359,0.461308642489656,0.140141228472959,0.481017256665279,0.139974849553334,0.13703631107861,0.0229021812224478,0.0745619324689477,0.229514744373725,0.351019044282531,0.36134475452529,0.155231623395173,0.316804298230776,0.243294174137075,0.316761167796326,0.204855895878301
0.0264923878703749,0.243299431497174,0.634491790021064,1.07598100889365,0.953689759630118,-0.260072621825616,-0.354372933852248,0.364291268768145,-0.403329582365625,-1.48982440235908,-1.40734095343167,-0.735862987492879,-0.190143305424815,0.380288939979012,0.160785521856597,-0.301604681734421,-0.212210495708158,-0.254754434033015,-0.160364893692725,-0.35706776121191,-0.595853935004845,-0.702898537632594,-0.358154227315809,0.862671182730022,1.0518725087964,1.2330603215674,0.676371667009766,0.00522345492228643,-0.675527543976852,-0.9395474401979,-0.33257472445728,1.07799400813454,0.957215932091839,1.02312645099351,0.44927662089765,0.190945660627448,0.400910254474842,0.374453927368793,0.09254885957313,0.413533351625983,1.48120895239477,1.49101125009911,0.150797670517131,0.300519638700686,0.966630836501111,0.383290029729111,0.713061045492079,0.724228127424078,0.265557988530465,0.811644794484697,1.9912914121916,1.26107503044254,0.24008465242314,0.48833480819236,0.77967876320256,-0.0557998341055081,0.0720563670848423,0.482091390872389,1.64480582963927,1.54681057944956,1.18670647335123,1.36749603638166,1.5472090975689,1.40637814531646,0.872302997134103,-0.22528302243593,1.13707332216606,2.25041191329593,1.79818525945493,1.08135066520697,1.68713069403931,2.66394235518946,2.2507355737513,1.53984482431345,0.875875068882949,0.856859847392246,0.825074460431356,1.06372882705324,1.22297462596701,1.56623510585291,2.1675733007193,2.46337801339005,2.37888228108166,2.07261714283076,1.72313285770325,1.7352237160298,2.19105494246345,2.2278173654788,2.69514807808717,3.15254985431703,2.74614895984205,3.14565741266147,2.92635715829842,3.09040864663135,2.86879406597797,2.29991233882879
